1.000000 0.000000 0.000000 0.000000 0.000000 1.000000 0.000000 0.000000 0.000000 0.000000 1.000000 0.000000
0.999993 0.003075 -0.001914 -0.007862 -0.003069 0.999990 0.003315 0.007889 0.001924 -0.003309 0.999993 -0.133427
0.999998 0.001863 -0.000542 -0.009500 -0.001864 0.999998 -0.000679 0.000101 0.000541 0.000680 1.000000 1.125284
0.999999 0.000610 0.001078 -0.026477 -0.000608 0.999999 -0.001428 -0.001438 -0.001079 0.001427 0.999998 2.750361
0.999998 -0.001021 0.001783 -0.034441 0.001016 0.999996 0.002783 -0.006162 -0.001786 -0.002781 0.999995 4.033137
0.999992 -0.003398 0.001925 -0.036458 0.003382 0.999958 0.008518 -0.009944 -0.001954 -0.008512 0.999962 5.467222
0.999984 -0.005729 0.000149 -0.034114 0.005727 0.999953 0.007812 -0.012229 -0.000193 -0.007811 0.999969 6.721367
0.999982 -0.006043 0.000560 -0.040891 0.006040 0.999968 0.005264 -0.015803 -0.000592 -0.005261 0.999986 8.273367
0.999978 -0.006588 -0.000153 -0.037017 0.006588 0.999976 0.001986 -0.020863 0.000140 -0.001987 0.999998 9.488169
0.999984 -0.005472 -0.001231 -0.030596 0.005473 0.999984 0.001235 -0.024286 0.001225 -0.001242 0.999999 10.850091
0.999988 -0.004468 -0.001907 -0.036234 0.004473 0.999986 0.002957 -0.029359 0.001894 -0.002965 0.999994 12.072281
0.999984 -0.004686 -0.003109 -0.036063 0.004703 0.999975 0.005289 -0.031140 0.003084 -0.005304 0.999981 13.347248
0.999982 -0.004114 -0.004413 -0.038070 0.004145 0.999967 0.006928 -0.035478 0.004384 -0.006946 0.999966 14.626037
0.999975 -0.005011 -0.005051 -0.042046 0.005049 0.999958 0.007605 -0.037528 0.005012 -0.007630 0.999958 15.971220
0.999967 -0.005027 -0.006395 -0.041121 0.005073 0.999961 0.007184 -0.039309 0.006358 -0.007216 0.999954 17.236194
0.999941 -0.007050 -0.008219 -0.042841 0.007102 0.999955 0.006247 -0.044865 0.008174 -0.006305 0.999947 18.570167
0.999917 -0.007542 -0.010413 -0.043525 0.007586 0.999962 0.004178 -0.047240 0.010381 -0.004257 0.999937 19.842963
0.999887 -0.009060 -0.011987 -0.045284 0.009096 0.999954 0.003027 -0.051107 0.011959 -0.003136 0.999924 21.114444
0.999864 -0.008361 -0.014227 -0.047739 0.008387 0.999963 0.001789 -0.053666 0.014211 -0.001908 0.999897 22.306222
0.999836 -0.006242 -0.017002 -0.042648 0.006258 0.999980 0.000921 -0.058059 0.016996 -0.001027 0.999855 23.517000
0.999818 -0.003766 -0.018683 -0.050599 0.003778 0.999993 0.000598 -0.060855 0.018680 -0.000669 0.999825 24.709093
0.999780 -0.004810 -0.020410 -0.054471 0.004845 0.999987 0.001644 -0.065102 0.020402 -0.001743 0.999790 25.928056
0.999739 -0.004360 -0.022445 -0.060756 0.004420 0.999987 0.002638 -0.069531 0.022433 -0.002737 0.999745 27.016833
0.999686 -0.004879 -0.024597 -0.073048 0.004961 0.999982 0.003282 -0.074438 0.024580 -0.003403 0.999692 28.280852
0.999647 -0.005032 -0.026097 -0.082826 0.005105 0.999983 0.002730 -0.076805 0.026083 -0.002862 0.999656 29.477944
0.999595 -0.005508 -0.027900 -0.093109 0.005578 0.999981 0.002419 -0.081137 0.027886 -0.002574 0.999608 30.668037
0.999557 -0.005698 -0.029218 -0.103308 0.005775 0.999980 0.002562 -0.085279 0.029202 -0.002730 0.999570 31.798926
0.999538 -0.003682 -0.030170 -0.113818 0.003818 0.999983 0.004463 -0.087613 0.030153 -0.004576 0.999535 32.961056
0.999500 -0.005726 -0.031108 -0.127767 0.005950 0.999957 0.007112 -0.091278 0.031065 -0.007294 0.999491 34.067352
0.999437 -0.007077 -0.032791 -0.131449 0.007373 0.999933 0.008924 -0.096725 0.032725 -0.009161 0.999422 35.168852
0.999412 -0.006525 -0.033667 -0.138974 0.006789 0.999947 0.007737 -0.098105 0.033615 -0.007961 0.999403 36.304111
0.999374 -0.006025 -0.034870 -0.144756 0.006216 0.999966 0.005386 -0.103660 0.034837 -0.005599 0.999377 37.429815
0.999336 -0.004271 -0.036194 -0.155233 0.004402 0.999984 0.003535 -0.106510 0.036179 -0.003692 0.999339 38.581907
0.999292 -0.003776 -0.037428 -0.165356 0.003896 0.999988 0.003132 -0.109891 0.037416 -0.003276 0.999294 39.625815
0.999208 -0.005334 -0.039427 -0.172446 0.005447 0.999981 0.002745 -0.115942 0.039412 -0.002958 0.999219 40.694093
0.999112 -0.005160 -0.041821 -0.183019 0.005248 0.999984 0.001993 -0.121790 0.041810 -0.002211 0.999123 41.738519
0.999035 -0.002793 -0.043826 -0.191388 0.002878 0.999994 0.001857 -0.120661 0.043821 -0.001981 0.999037 42.798556
0.998941 -0.003472 -0.045878 -0.211320 0.003609 0.999989 0.002895 -0.123947 0.045868 -0.003057 0.998943 43.933296
0.998839 -0.003337 -0.048047 -0.229570 0.003590 0.999980 0.005166 -0.128870 0.048028 -0.005332 0.998832 45.008630
0.998730 -0.002335 -0.050329 -0.245471 0.002656 0.999977 0.006326 -0.130316 0.050313 -0.006451 0.998713 45.944037
0.998638 -0.001985 -0.052132 -0.258552 0.002335 0.999975 0.006657 -0.133997 0.052118 -0.006770 0.998618 46.948407
0.998517 0.001144 -0.054423 -0.267906 -0.000847 0.999985 0.005481 -0.135510 0.054429 -0.005426 0.998503 47.757722
0.998424 0.002733 -0.056060 -0.284437 -0.002452 0.999984 0.005080 -0.138545 0.056073 -0.004934 0.998414 48.635611
0.998269 0.004281 -0.058654 -0.289985 -0.003910 0.999972 0.006429 -0.140860 0.058680 -0.006188 0.998258 49.514852
0.998205 0.006517 -0.059543 -0.308150 -0.006050 0.999950 0.008032 -0.142117 0.059592 -0.007657 0.998193 50.368556
0.998149 0.008652 -0.060205 -0.327432 -0.008161 0.999931 0.008397 -0.145330 0.060274 -0.007890 0.998151 51.288722
0.998147 0.012230 -0.059598 -0.346520 -0.011845 0.999907 0.006804 -0.149762 0.059675 -0.006085 0.998199 52.212019
0.998120 0.014567 -0.059539 -0.350891 -0.014351 0.999889 0.004046 -0.152785 0.059592 -0.003183 0.998218 53.172074
0.998200 0.015040 -0.058064 -0.351773 -0.014951 0.999886 0.001964 -0.154142 0.058087 -0.001092 0.998311 53.757074
0.998310 0.018839 -0.054982 -0.364119 -0.018707 0.999821 0.002911 -0.154969 0.055027 -0.001877 0.998483 54.684500
0.998315 0.023894 -0.052885 -0.351480 -0.023658 0.999707 0.005074 -0.157941 0.052991 -0.003814 0.998588 55.080000
0.998332 0.029064 -0.049886 -0.360771 -0.028667 0.999552 0.008655 -0.161081 0.050115 -0.007210 0.998717 55.870333
0.998354 0.033615 -0.046474 -0.369650 -0.033158 0.999394 0.010569 -0.165382 0.046801 -0.009011 0.998864 56.661019
0.998394 0.037700 -0.042283 -0.367949 -0.037284 0.999249 0.010581 -0.167078 0.042650 -0.008987 0.999050 57.432056
0.998436 0.041827 -0.037103 -0.374216 -0.041388 0.999065 0.012509 -0.167198 0.037591 -0.010953 0.999233 58.053981
0.998444 0.046688 -0.030477 -0.387393 -0.046298 0.998838 0.013384 -0.168161 0.031067 -0.011953 0.999446 58.748944
0.998403 0.051269 -0.023721 -0.389033 -0.050968 0.998614 0.013132 -0.169887 0.024361 -0.011902 0.999632 59.475426
0.998358 0.054809 -0.016678 -0.393920 -0.054594 0.998423 0.013079 -0.171959 0.017369 -0.012147 0.999775 60.163944
0.998135 0.060102 -0.010730 -0.373703 -0.059966 0.998122 0.012530 -0.172477 0.011463 -0.011863 0.999864 60.398944
0.997949 0.063848 -0.004705 -0.361618 -0.063798 0.997912 0.010113 -0.174233 0.005341 -0.009792 0.999938 60.722463
0.997887 0.064958 0.001412 -0.341862 -0.064968 0.997856 0.007879 -0.178442 -0.000897 -0.007955 0.999968 60.971870
0.997839 0.065247 0.007752 -0.323348 -0.065306 0.997837 0.007528 -0.179556 -0.007244 -0.008018 0.999942 61.144130
0.997848 0.063962 0.014457 -0.309751 -0.064104 0.997897 0.009574 -0.183062 -0.013814 -0.010480 0.999850 61.447481
0.997577 0.065858 0.022405 -0.304122 -0.066099 0.997761 0.010188 -0.182991 -0.021684 -0.011644 0.999697 61.543037
0.997141 0.069005 0.030790 -0.301071 -0.069363 0.997534 0.010706 -0.184602 -0.029975 -0.012811 0.999469 61.847537
0.996563 0.072928 0.039304 -0.302682 -0.073396 0.997247 0.010600 -0.186605 -0.038423 -0.013449 0.999171 62.187704
0.996205 0.073184 0.047124 -0.295620 -0.073809 0.997204 0.011653 -0.197199 -0.046139 -0.015087 0.998821 62.357111
0.995943 0.071071 0.055189 -0.284114 -0.071885 0.997329 0.012912 -0.204180 -0.054124 -0.016826 0.998393 62.559685
0.995423 0.069450 0.065649 -0.274352 -0.070372 0.997451 0.011830 -0.211234 -0.064660 -0.016395 0.997773 62.794759
0.994805 0.066499 0.077080 -0.268201 -0.067272 0.997707 0.007472 -0.215630 -0.076406 -0.012618 0.996997 62.960259
0.994193 0.062426 0.087658 -0.247048 -0.063199 0.997982 0.006069 -0.226194 -0.087103 -0.011573 0.996132 63.344593
0.992546 0.064548 0.103373 -0.241779 -0.065261 0.997862 0.003522 -0.227873 -0.102925 -0.010242 0.994636 63.548278
0.990664 0.065580 0.119515 -0.230045 -0.066319 0.997796 0.002211 -0.229459 -0.119107 -0.010117 0.992830 63.781185
0.988747 0.060987 0.136599 -0.227802 -0.061872 0.998082 0.002238 -0.234146 -0.136201 -0.010665 0.990624 64.074130
0.986227 0.060861 0.153793 -0.199087 -0.061800 0.998088 0.001327 -0.236332 -0.153418 -0.010814 0.988102 64.283167
0.982955 0.060993 0.173433 -0.182966 -0.062179 0.998064 0.001409 -0.240317 -0.173012 -0.012169 0.984845 64.572352
0.979167 0.061402 0.193551 -0.162281 -0.062647 0.998036 0.000313 -0.241651 -0.193152 -0.012431 0.981090 64.801056
0.975251 0.063447 0.211802 -0.105090 -0.064550 0.997913 -0.001711 -0.244744 -0.211468 -0.012003 0.977311 64.975519
0.970213 0.064136 0.233607 -0.072794 -0.065144 0.997870 -0.003409 -0.246602 -0.233328 -0.011910 0.972325 65.196333
0.964287 0.064697 0.256836 -0.029818 -0.065884 0.997819 -0.003992 -0.248924 -0.256534 -0.013071 0.966447 65.355315
0.957399 0.066679 0.280966 0.018171 -0.068026 0.997671 -0.004965 -0.250410 -0.280643 -0.014359 0.959705 65.434685
0.949423 0.068005 0.306549 0.065059 -0.069484 0.997564 -0.006100 -0.249407 -0.306217 -0.015509 0.951835 65.518630
0.941076 0.068225 0.331242 0.152841 -0.069806 0.997535 -0.007136 -0.251974 -0.330913 -0.016407 0.943519 65.450852
0.930374 0.065085 0.360789 0.192509 -0.066250 0.997761 -0.009152 -0.252700 -0.360576 -0.015387 0.932603 65.491130
0.918110 0.059554 0.391826 0.251382 -0.060021 0.998136 -0.011071 -0.257094 -0.391755 -0.013353 0.919973 65.582056
0.902795 0.057338 0.426232 0.298795 -0.056347 0.998299 -0.014946 -0.259578 -0.426364 -0.010524 0.904490 65.801611
0.886138 0.058369 0.459730 0.366881 -0.055370 0.998265 -0.020016 -0.258931 -0.460101 -0.007718 0.887833 66.007852
0.872031 0.057474 0.486064 0.501777 -0.052838 0.998332 -0.023251 -0.264462 -0.486590 -0.005407 0.873614 65.667333
0.855781 0.059837 0.513867 0.633257 -0.054313 0.998191 -0.025782 -0.266181 -0.514480 -0.005846 0.857483 65.276593
0.835243 0.061116 0.546474 0.694884 -0.055056 0.998105 -0.027477 -0.269445 -0.547118 -0.007137 0.837025 65.037926
0.820545 0.064292 0.567954 0.927968 -0.058397 0.997884 -0.028591 -0.279937 -0.568590 -0.009707 0.822563 64.598944
0.795579 0.063939 0.602466 1.052667 -0.057371 0.997898 -0.030145 -0.288576 -0.603127 -0.010581 0.797575 64.733537
0.780979 0.060193 0.621650 1.436509 -0.054270 0.998120 -0.028466 -0.311193 -0.622195 -0.011506 0.782778 63.877296
0.751124 0.057654 0.657639 1.597087 -0.050833 0.998273 -0.029457 -0.317583 -0.658201 -0.011304 0.752757 64.035315
0.720091 0.053283 0.691831 1.818609 -0.045561 0.998526 -0.029482 -0.338006 -0.692382 -0.010291 0.721457 64.246130
0.684687 0.048614 0.727214 1.983083 -0.039662 0.998780 -0.029425 -0.359484 -0.727757 -0.008695 0.685779 64.310741
0.647210 0.041491 0.761182 2.187127 -0.033779 0.999098 -0.025738 -0.394542 -0.761563 -0.009054 0.648028 64.477889
0.604731 0.039862 0.795431 2.328046 -0.033407 0.999137 -0.024672 -0.397409 -0.795729 -0.011653 0.605541 64.719963
0.560816 0.035384 0.827184 2.521136 -0.033117 0.999246 -0.020291 -0.414784 -0.827278 -0.016014 0.561565 65.096241
0.515760 0.036039 0.855975 2.710214 -0.038860 0.999071 -0.018648 -0.418235 -0.855851 -0.023646 0.516681 65.389130
0.471546 0.036108 0.881102 2.899468 -0.038706 0.999046 -0.020226 -0.423594 -0.880992 -0.024567 0.472494 65.598148
0.428295 0.030402 0.903127 3.124847 -0.029126 0.999379 -0.019830 -0.432547 -0.903169 -0.017811 0.428915 65.868722
0.386968 0.021463 0.921844 3.391980 -0.014665 0.999746 -0.017121 -0.442850 -0.921977 -0.006893 0.387184 66.211259
0.346448 0.017980 0.937897 3.614399 -0.006331 0.999838 -0.016828 -0.457205 -0.938048 -0.000108 0.346505 66.418685
0.310169 0.019693 0.950477 3.817914 -0.004024 0.999804 -0.019402 -0.454298 -0.950673 0.002193 0.310188 66.600926
0.277728 0.018038 0.960490 4.029835 0.003732 0.999796 -0.019856 -0.463279 -0.960653 0.009099 0.277604 66.801741
0.249298 0.015753 0.968299 4.229174 0.008471 0.999794 -0.018447 -0.468618 -0.968390 0.012801 0.249113 66.937611
0.224964 0.012703 0.974284 4.404566 0.015711 0.999738 -0.016663 -0.473436 -0.974240 0.019056 0.224706 67.023685
0.205553 0.010195 0.978593 4.647125 0.020195 0.999689 -0.014657 -0.480301 -0.978437 0.022776 0.205283 67.160833
0.190571 0.011287 0.981609 4.818022 0.022152 0.999630 -0.015795 -0.481563 -0.981424 0.024755 0.190251 67.218537
0.177894 0.010795 0.983990 4.856194 0.020800 0.999675 -0.014727 -0.480760 -0.983830 0.023087 0.177612 67.227630
0.167628 0.012149 0.985776 4.862816 0.021310 0.999646 -0.015944 -0.479899 -0.985620 0.023680 0.167309 67.156593
0.159044 0.013424 0.987180 4.903743 0.023697 0.999568 -0.017410 -0.484196 -0.986987 0.026162 0.158657 67.089426
0.153339 0.013226 0.988085 4.929202 0.029688 0.999397 -0.017985 -0.486463 -0.987728 0.032092 0.152854 67.025389
0.149979 0.012385 0.988612 4.951093 0.032660 0.999314 -0.017474 -0.484089 -0.988150 0.034909 0.149472 66.972556
0.147386 0.009808 0.989031 4.982360 0.028394 0.999497 -0.014143 -0.483011 -0.988671 0.030167 0.147033 66.917296
0.146739 0.002901 0.989171 4.998596 0.026762 0.999618 -0.006902 -0.479511 -0.988813 0.027485 0.146606 66.830574
0.147990 -0.003655 0.988982 5.007747 0.029002 0.999579 -0.000646 -0.475709 -0.988564 0.028778 0.148034 66.581463
0.148241 -0.007661 0.988922 5.035508 0.030714 0.999523 0.003139 -0.475918 -0.988474 0.029908 0.148406 66.447759
0.148765 -0.006666 0.988850 5.065617 0.031031 0.999516 0.002070 -0.478514 -0.988386 0.030377 0.148900 66.324463
0.150439 0.000172 0.988619 5.123205 0.031591 0.999489 -0.004982 -0.477837 -0.988115 0.031981 0.150357 66.236019
0.152629 0.007465 0.988255 5.413851 0.032772 0.999383 -0.012610 -0.476545 -0.987740 0.034312 0.152290 66.408963
0.156826 0.006026 0.987608 5.523838 0.033607 0.999370 -0.011434 -0.483202 -0.987054 0.034984 0.156525 66.344370
0.161088 0.000050 0.986940 5.572298 0.035768 0.999343 -0.005889 -0.490271 -0.986292 0.036249 0.160981 66.261833
0.165423 -0.002844 0.986219 5.649917 0.034260 0.999409 -0.002865 -0.472214 -0.985627 0.034262 0.165423 66.150389
0.169249 -0.004684 0.985562 5.693717 0.033101 0.999452 -0.000934 -0.474918 -0.985017 0.032782 0.169311 66.112167
0.172675 -0.002076 0.984977 5.750255 0.040308 0.999175 -0.004961 -0.483339 -0.984154 0.040559 0.172616 66.096444
0.175125 -0.001898 0.984545 6.049982 0.041177 0.999137 -0.005398 -0.504951 -0.983685 0.041486 0.175052 66.293389
0.180714 0.003213 0.983530 6.188287 0.037442 0.999247 -0.010144 -0.489912 -0.982823 0.038659 0.180457 66.299148
0.183560 0.000103 0.983008 6.489304 0.034016 0.999400 -0.006457 -0.493705 -0.982420 0.034624 0.183447 66.546741
0.187274 -0.003283 0.982302 6.563203 0.037457 0.999291 -0.003801 -0.493303 -0.981593 0.037506 0.187264 66.574963
0.190915 -0.005768 0.981590 6.635698 0.041438 0.999139 -0.002188 -0.509480 -0.980732 0.041093 0.190990 66.635944
0.193463 0.000176 0.981108 6.937672 0.039193 0.999200 -0.007908 -0.500643 -0.980324 0.039983 0.193301 66.811259
0.198534 0.002575 0.980091 7.010734 0.037510 0.999244 -0.010224 -0.504657 -0.979376 0.038793 0.198287 66.951574
0.201891 0.000734 0.979408 7.385990 0.035739 0.999328 -0.008117 -0.516557 -0.978756 0.036642 0.201730 67.242130
0.205006 0.000416 0.978761 7.723312 0.036104 0.999316 -0.007987 -0.510006 -0.978094 0.036975 0.204851 67.508685
0.207962 -0.001955 0.978135 7.906297 0.039727 0.999190 -0.006449 -0.523668 -0.977330 0.040200 0.207871 67.705019
0.211824 -0.004031 0.977299 8.180649 0.049181 0.998768 -0.006540 -0.536699 -0.976070 0.049450 0.211762 67.856759
0.211145 0.001424 0.977454 8.236858 0.037822 0.999238 -0.009626 -0.520459 -0.976723 0.039001 0.210930 67.979463
0.214104 -0.002440 0.976808 8.519051 0.038808 0.999229 -0.006010 -0.532872 -0.976040 0.039195 0.214033 68.207296
0.216406 -0.001345 0.976303 8.798269 0.039231 0.999203 -0.007319 -0.525166 -0.975515 0.039885 0.216286 68.484019
0.218361 -0.001468 0.975867 8.837829 0.038567 0.999231 -0.007127 -0.526509 -0.975106 0.039193 0.218250 68.540259
0.221046 -0.002004 0.975261 8.880829 0.037979 0.999257 -0.006555 -0.533582 -0.974524 0.038489 0.220958 68.614685
0.221992 0.000720 0.975048 8.934689 0.034612 0.999364 -0.008618 -0.519009 -0.974434 0.035662 0.221826 68.632722
0.221292 0.002944 0.975203 8.983651 0.032374 0.999422 -0.010363 -0.506542 -0.974670 0.033864 0.221069 68.801944
0.222987 0.003403 0.974815 9.048926 0.030657 0.999475 -0.010502 -0.505085 -0.974339 0.032227 0.222765 68.833981
0.224746 0.004369 0.974408 9.166576 0.028833 0.999522 -0.011132 -0.502689 -0.973991 0.030597 0.224513 68.997648
0.226614 0.007017 0.973959 9.447338 0.026452 0.999561 -0.013356 -0.504684 -0.973625 0.028790 0.226329 69.249593
0.230478 0.010166 0.973024 9.733208 0.025513 0.999538 -0.016487 -0.513669 -0.972743 0.028625 0.230112 69.482519
0.232828 0.014193 0.972414 9.984530 0.025958 0.999447 -0.020803 -0.512388 -0.972171 0.030085 0.232331 69.729463
0.237669 0.016467 0.971207 10.276546 0.020821 0.999540 -0.022043 -0.521684 -0.971123 0.025461 0.237216 69.914167
0.242591 0.016807 0.969983 10.525221 0.015313 0.999659 -0.021151 -0.527174 -0.970008 0.019985 0.242251 70.041537
0.246972 0.017186 0.968870 10.743019 0.019225 0.999559 -0.022631 -0.535001 -0.968832 0.024216 0.246532 70.250556
0.250170 0.016389 0.968063 11.025607 0.018063 0.999604 -0.021591 -0.551374 -0.968033 0.022888 0.249775 70.523611
0.251798 0.018070 0.967611 11.085509 0.017263 0.999583 -0.023160 -0.551032 -0.967626 0.022536 0.251381 70.758852
0.256168 0.015132 0.966514 11.419072 0.016898 0.999655 -0.020130 -0.562809 -0.966484 0.021489 0.255824 71.050333
0.259134 0.014209 0.965737 11.476782 0.020116 0.999595 -0.020105 -0.565747 -0.965632 0.024637 0.258743 71.213759
0.261808 0.017448 0.964962 11.540248 0.016901 0.999600 -0.022660 -0.569520 -0.964972 0.022241 0.261409 71.422407
0.265822 0.026513 0.963658 11.606431 0.013869 0.999413 -0.031322 -0.568858 -0.963922 0.021691 0.265298 71.574148
0.269020 0.032435 0.962588 11.667818 0.010572 0.999273 -0.036626 -0.566582 -0.963077 0.020029 0.268481 71.787093
0.274855 0.035335 0.960836 11.696886 0.008856 0.999189 -0.039279 -0.572092 -0.961445 0.019305 0.274319 71.914426
0.280606 0.033449 0.959240 11.980991 0.005858 0.999314 -0.036560 -0.587582 -0.959805 0.015878 0.280218 72.263648
0.288665 0.032489 0.956879 12.262730 0.005921 0.999344 -0.035717 -0.593598 -0.957412 0.015976 0.288283 72.534630
0.296622 0.029840 0.954529 12.496945 0.006356 0.999428 -0.033219 -0.600648 -0.954974 0.015920 0.296263 72.780574
0.303182 0.026368 0.952568 12.687997 0.004618 0.999565 -0.029138 -0.604923 -0.952921 0.013233 0.302929 73.063019
0.310972 0.018229 0.950244 12.955270 0.005367 0.999766 -0.020936 -0.616860 -0.950404 0.011610 0.310801 73.365389
0.318088 0.016372 0.947920 13.184802 0.005020 0.999808 -0.018952 -0.624503 -0.948048 0.010787 0.317945 73.657593
0.325248 0.017700 0.945463 13.424265 0.006723 0.999756 -0.021029 -0.633679 -0.945605 0.013196 0.325049 73.951130
0.331235 0.022556 0.943279 13.667206 0.009051 0.999592 -0.027080 -0.642964 -0.943505 0.017508 0.330896 74.250259
0.335726 0.025698 0.941609 13.772279 0.008626 0.999502 -0.030353 -0.648772 -0.941920 0.018313 0.335338 74.448889
0.340624 0.028420 0.939770 13.873059 0.010230 0.999372 -0.033930 -0.652947 -0.940144 0.021171 0.340120 74.650833
0.346437 0.026792 0.937691 14.129127 0.008705 0.999457 -0.031773 -0.667394 -0.938033 0.019169 0.346015 74.940648
0.349920 0.022787 0.936502 14.188522 0.013417 0.999480 -0.029333 -0.671315 -0.936683 0.022829 0.349432 75.086148
0.355903 0.013028 0.934432 14.359891 0.020126 0.999564 -0.021601 -0.677582 -0.934306 0.026494 0.355486 75.257019
0.357414 0.007512 0.933916 14.375318 0.020252 0.999670 -0.015792 -0.679181 -0.933726 0.024558 0.357144 75.506611
0.362382 0.001531 0.932029 14.521448 0.021132 0.999728 -0.009859 -0.687036 -0.931790 0.023268 0.362251 75.548537
0.364139 0.003044 0.931340 14.589574 0.016098 0.999825 -0.009562 -0.686764 -0.931206 0.018475 0.364026 75.726519
0.366947 0.004744 0.930230 14.857835 0.014429 0.999838 -0.010791 -0.693788 -0.930130 0.017382 0.366819 76.090111
0.367630 0.009328 0.929925 14.903714 0.011381 0.999830 -0.014528 -0.695124 -0.929902 0.015925 0.367461 76.181093
0.368965 0.012545 0.929359 14.955462 0.011491 0.999771 -0.018058 -0.697173 -0.929372 0.017342 0.368736 76.298315
0.371433 0.016690 0.928310 15.104183 0.014379 0.999615 -0.023726 -0.699983 -0.928348 0.022160 0.371050 76.481241
0.372889 0.018266 0.927696 15.348582 0.015469 0.999545 -0.025899 -0.707364 -0.927747 0.024008 0.372437 76.828315
0.374290 0.019661 0.927103 15.546271 0.014040 0.999540 -0.026865 -0.710098 -0.927205 0.023072 0.373842 77.102222
0.374823 0.016898 0.926942 15.757902 0.013188 0.999636 -0.023556 -0.718157 -0.927002 0.021054 0.374464 77.389370
0.375834 0.014248 0.926578 15.957292 0.014301 0.999673 -0.021173 -0.723625 -0.926577 0.021209 0.375507 77.632833
0.375658 0.012090 0.926679 16.092416 0.015825 0.999685 -0.019458 -0.729334 -0.926623 0.021974 0.375349 77.785130
0.375008 0.010386 0.926963 16.357372 0.014956 0.999739 -0.017252 -0.741374 -0.926901 0.020333 0.374755 78.136778
0.372805 0.010414 0.927851 16.386332 0.013424 0.999772 -0.016615 -0.745932 -0.927813 0.018649 0.372581 78.141407
0.370156 0.014430 0.928857 16.434954 0.010307 0.999754 -0.019638 -0.750068 -0.928912 0.016843 0.369917 78.212148
0.368060 0.016100 0.929663 16.482290 0.013474 0.999653 -0.022647 -0.757749 -0.929704 0.020862 0.367716 78.250926
0.365061 0.014498 0.930871 16.515900 0.015211 0.999652 -0.021535 -0.769732 -0.930859 0.022020 0.364714 78.292463
0.361632 0.017291 0.932161 16.574020 0.009466 0.999708 -0.022216 -0.764232 -0.932273 0.016858 0.361362 78.459796
0.359239 0.012693 0.933159 16.638075 0.011474 0.999772 -0.018017 -0.772189 -0.933175 0.017180 0.359012 78.688333
0.357601 0.009461 0.933827 16.674514 0.009113 0.999866 -0.013620 -0.778280 -0.933830 0.013381 0.357467 78.616000
0.355364 0.007533 0.934698 16.711823 0.011678 0.999854 -0.012498 -0.784945 -0.934655 0.015357 0.355224 78.575037
0.354355 0.009381 0.935064 16.772524 0.014498 0.999774 -0.015524 -0.779463 -0.934999 0.019058 0.354139 78.505630
0.352687 0.009559 0.935693 16.861943 0.017864 0.999697 -0.016946 -0.785773 -0.935571 0.022692 0.352409 78.454481
0.351358 0.012423 0.936159 16.951826 0.016066 0.999685 -0.019296 -0.783709 -0.936103 0.021820 0.351048 78.469611
0.350496 0.011535 0.936493 17.020109 0.018142 0.999653 -0.019103 -0.797277 -0.936389 0.023686 0.350165 78.469315
0.350081 0.011884 0.936644 17.088775 0.016621 0.999683 -0.018896 -0.794354 -0.936572 0.022183 0.349772 78.385574
0.350498 0.007183 0.936536 17.240240 0.023907 0.999576 -0.016614 -0.804860 -0.936258 0.028213 0.350177 78.507241
0.353768 0.004229 0.935324 17.420368 0.028531 0.999476 -0.015310 -0.806431 -0.934898 0.032102 0.353461 78.621222
0.355241 0.003794 0.934767 17.518324 0.031992 0.999357 -0.016214 -0.804612 -0.934227 0.035664 0.354891 78.673241
0.360188 0.004341 0.932870 17.690746 0.027713 0.999498 -0.015352 -0.810024 -0.932468 0.031383 0.359887 78.798444
0.365014 0.004556 0.930991 17.758985 0.028014 0.999482 -0.015875 -0.813744 -0.930581 0.031875 0.364697 78.786778
0.373006 0.005932 0.927810 17.893964 0.024434 0.999570 -0.016214 -0.811578 -0.927507 0.028718 0.372701 78.804204
0.380810 0.005826 0.924635 18.005879 0.023115 0.999608 -0.015818 -0.816893 -0.924364 0.027397 0.380526 78.849296
0.389268 0.005156 0.921110 18.129177 0.022035 0.999646 -0.014908 -0.815915 -0.920861 0.026100 0.389017 78.917130
0.398288 0.004406 0.917250 18.245072 0.019188 0.999730 -0.013134 -0.825749 -0.917060 0.022831 0.398095 78.997074
0.407788 0.003729 0.913069 18.346203 0.018739 0.999747 -0.012452 -0.827605 -0.912884 0.022188 0.407615 79.023093
0.417506 0.007785 0.908641 18.444505 0.013207 0.999806 -0.014635 -0.830687 -0.908578 0.018110 0.417322 79.043204
0.427363 0.011556 0.904006 18.540117 0.007732 0.999835 -0.016436 -0.832798 -0.904047 0.014014 0.427203 79.061722
0.438225 0.016020 0.898723 18.628218 0.002825 0.999812 -0.019200 -0.832060 -0.898861 0.010953 0.438097 79.087407
0.449272 0.016828 0.893236 18.725072 0.002226 0.999798 -0.019955 -0.841086 -0.893392 0.010954 0.449144 79.113148
0.458980 0.017465 0.888275 18.791471 -0.000891 0.999815 -0.019198 -0.846191 -0.888446 0.008020 0.458911 79.097019
0.468632 0.017150 0.883227 18.849764 -0.000328 0.999815 -0.019239 -0.849093 -0.883394 0.008726 0.468551 79.132963
0.477595 0.017138 0.878413 18.908500 -0.003185 0.999837 -0.017775 -0.853815 -0.878574 0.005691 0.477572 79.247593
0.487700 0.012363 0.872924 19.119445 -0.004017 0.999921 -0.011918 -0.858675 -0.873002 0.002306 0.487711 79.620963
0.497212 0.003107 0.867624 19.209209 0.001781 0.999988 -0.004602 -0.860289 -0.867627 0.003834 0.497200 79.733111
0.506741 -0.001508 0.862097 19.253889 0.004781 0.999988 -0.001060 -0.860934 -0.862085 0.004659 0.506743 79.772870
0.515616 -0.005477 0.856802 19.311788 0.006224 0.999977 0.002647 -0.858808 -0.856797 0.003968 0.515638 79.822333
0.523491 -0.011569 0.851953 19.611072 0.015497 0.999872 0.004056 -0.865891 -0.851890 0.011080 0.523603 80.495537
0.530744 -0.018087 0.847340 19.808404 0.022210 0.999726 0.007429 -0.865085 -0.847241 0.014877 0.531000 80.856093
0.535803 -0.030683 0.843785 19.984639 0.036189 0.999256 0.013356 -0.862012 -0.843567 0.023380 0.536515 81.230407
0.540057 -0.038956 0.840727 20.400266 0.043325 0.998891 0.018454 -0.875086 -0.840513 0.026458 0.541145 82.439963
0.546928 -0.037399 0.836344 20.490079 0.043626 0.998918 0.016139 -0.872386 -0.836042 0.027660 0.547968 82.487370
0.553415 -0.032514 0.832271 20.858105 0.044737 0.998956 0.009278 -0.876714 -0.831703 0.032099 0.554292 83.345741
0.558819 -0.031245 0.828701 20.947259 0.050326 0.998726 0.003720 -0.871823 -0.827761 0.039626 0.559679 83.423870
0.563553 -0.028890 0.825575 21.268548 0.048448 0.998824 0.001881 -0.876267 -0.824658 0.038937 0.564290 84.265426
0.568725 -0.027346 0.822073 21.337641 0.043881 0.999033 0.002875 -0.876218 -0.821357 0.034438 0.569374 84.265093
0.572781 -0.020033 0.819463 21.404930 0.034033 0.999421 0.000645 -0.874674 -0.819001 0.027520 0.573131 84.312815
0.575462 -0.019446 0.817597 21.639771 0.035773 0.999359 -0.001410 -0.881120 -0.817045 0.030060 0.575789 84.889370
0.579294 -0.015081 0.814979 21.871712 0.032280 0.999469 -0.004450 -0.887385 -0.814479 0.028886 0.579473 85.477130
0.582472 -0.011106 0.812775 22.089775 0.028558 0.999569 -0.006807 -0.888465 -0.812349 0.027176 0.582538 86.011815
0.586053 -0.011121 0.810196 22.301935 0.026244 0.999642 -0.005261 -0.899503 -0.809848 0.024346 0.586135 86.567500
0.589546 -0.014846 0.807598 22.508593 0.027574 0.999618 -0.001753 -0.905872 -0.807264 0.023302 0.589731 87.095778
0.592807 -0.020306 0.805088 22.712389 0.030834 0.999521 0.002506 -0.917794 -0.804754 0.023338 0.593149 87.584037
0.596490 -0.020195 0.802367 22.831988 0.030015 0.999545 0.002844 -0.917201 -0.802059 0.022387 0.596824 87.841796
0.599208 -0.019643 0.800352 22.916876 0.028035 0.999601 0.003545 -0.921628 -0.800102 0.020314 0.599520 88.016259
0.601420 -0.021121 0.798654 23.007656 0.030450 0.999530 0.003504 -0.929966 -0.798353 0.022212 0.601780 88.217352
0.603924 -0.021999 0.796738 23.204686 0.030465 0.999526 0.004506 -0.931874 -0.796459 0.021551 0.604308 88.692093
0.605706 -0.024915 0.795298 23.397833 0.034163 0.999402 0.005290 -0.935689 -0.794955 0.023966 0.606195 89.170130
0.608079 -0.023471 0.793529 23.572183 0.031521 0.999489 0.005408 -0.931405 -0.793250 0.021724 0.608508 89.602167
0.610178 -0.026203 0.791831 23.762954 0.033927 0.999400 0.006928 -0.938515 -0.791537 0.022638 0.610702 90.077944
0.612646 -0.025170 0.789957 23.818649 0.034305 0.999398 0.005239 -0.941696 -0.789613 0.023890 0.613140 90.241241
0.614583 -0.025243 0.788448 23.999690 0.035059 0.999374 0.004668 -0.948464 -0.788073 0.024773 0.615084 90.780907
0.617779 -0.027164 0.785883 24.153147 0.037368 0.999288 0.005165 -0.952750 -0.785464 0.026176 0.618354 91.138685
0.620900 -0.029505 0.783335 24.331585 0.040737 0.999156 0.005344 -0.955025 -0.782831 0.028592 0.621577 91.641667
0.624297 -0.030106 0.780607 24.488806 0.041290 0.999132 0.005512 -0.955885 -0.780095 0.028790 0.624998 92.023481
0.627113 -0.033792 0.778195 24.655412 0.045154 0.998956 0.006991 -0.961803 -0.777618 0.030754 0.627984 92.465056
0.630827 -0.034475 0.775157 24.814064 0.045324 0.998944 0.007544 -0.969316 -0.774598 0.030374 0.631724 92.923926
0.634394 -0.037365 0.772106 24.979509 0.048531 0.998786 0.008460 -0.975196 -0.771485 0.032104 0.635437 93.360611
0.638176 -0.037556 0.768974 25.025182 0.049982 0.998723 0.007297 -0.975910 -0.768267 0.033778 0.639238 93.479167
0.642239 -0.038345 0.765544 25.196902 0.052155 0.998619 0.006265 -0.978825 -0.764728 0.035903 0.643353 93.939500
0.647250 -0.032709 0.761576 25.356694 0.047425 0.998871 0.002595 -0.977653 -0.760802 0.034439 0.648070 94.424833
0.652587 -0.027690 0.757208 25.431116 0.044796 0.998994 -0.002075 -0.980829 -0.756389 0.035273 0.653171 94.633778
0.658354 -0.021404 0.752404 25.498346 0.040499 0.999155 -0.007013 -0.985002 -0.751618 0.035089 0.658664 94.820778
0.663034 -0.013930 0.748460 25.512241 0.034967 0.999312 -0.012378 -0.983126 -0.747773 0.034378 0.663064 95.002222
0.668615 -0.009857 0.743544 25.551785 0.032359 0.999351 -0.015849 -0.989170 -0.742904 0.034657 0.668500 95.158056
0.674654 -0.010276 0.738062 25.634956 0.029872 0.999464 -0.013390 -0.996337 -0.737529 0.031081 0.674600 95.329130
0.679951 -0.012356 0.733154 25.672388 0.026754 0.999610 -0.007965 -1.006399 -0.732770 0.025031 0.680016 95.453926
0.685586 -0.014847 0.727840 25.712824 0.022414 0.999749 -0.000719 -1.016508 -0.727646 0.016807 0.685747 95.619333
0.691091 -0.016108 0.722588 25.756888 0.017477 0.999832 0.005573 -1.023095 -0.722556 0.008777 0.691256 95.762444
0.697191 -0.019237 0.716628 25.813226 0.017178 0.999801 0.010126 -1.028644 -0.716680 0.005250 0.697382 95.924037
0.703333 -0.014512 0.710712 25.872242 0.012305 0.999890 0.008240 -1.026069 -0.710754 0.002950 0.703435 96.063593
0.710424 -0.019510 0.703503 25.936324 0.018475 0.999788 0.009069 -1.045758 -0.703531 0.006555 0.710634 96.300704
0.715349 -0.017451 0.698549 25.978450 0.018034 0.999816 0.006508 -1.048806 -0.698534 0.007942 0.715532 96.550074
0.722204 -0.015940 0.691496 26.063224 0.016536 0.999847 0.005778 -1.053322 -0.691482 0.007262 0.722357 96.770648
0.728635 -0.018775 0.684645 26.144915 0.019307 0.999790 0.006869 -1.057469 -0.684630 0.008213 0.728845 96.990926
0.734786 -0.017242 0.678080 26.215342 0.015585 0.999842 0.008535 -1.063494 -0.678120 0.004296 0.734939 97.184259
0.742326 -0.022961 0.669645 26.322100 0.019534 0.999730 0.012625 -1.071471 -0.669754 0.003709 0.742574 97.443981
0.749721 -0.026978 0.661204 26.426623 0.022571 0.999630 0.015194 -1.075009 -0.661369 0.003533 0.750053 97.711870
0.756478 -0.025670 0.653515 26.597965 0.021367 0.999666 0.014533 -1.070571 -0.653670 0.002970 0.756774 98.336667
0.762165 -0.023894 0.646942 26.720339 0.018579 0.999714 0.015035 -1.074341 -0.647116 0.000560 0.762391 98.939704
0.771429 -0.030543 0.635582 26.941059 0.026316 0.999524 0.016092 -1.080374 -0.635771 0.004312 0.771866 99.619944
0.777759 -0.030143 0.627840 27.091611 0.026071 0.999537 0.015693 -1.079262 -0.628022 0.004163 0.778184 100.246704
0.782186 -0.031696 0.622238 27.256905 0.027350 0.999489 0.016531 -1.076682 -0.622444 0.004088 0.782653 100.960037
0.785312 -0.032163 0.618264 27.429176 0.027872 0.999474 0.016591 -1.071964 -0.618472 0.004203 0.785795 101.708222
0.788108 -0.035571 0.614508 27.608904 0.031901 0.999348 0.016934 -1.070538 -0.614710 0.006258 0.788729 102.475722
0.790401 -0.038606 0.611373 27.794140 0.036343 0.999209 0.016111 -1.063338 -0.611511 0.009485 0.791179 103.284074
0.792718 -0.044957 0.607928 27.984425 0.043691 0.998902 0.016899 -1.059067 -0.608020 0.013165 0.793812 104.132648
0.795780 -0.052345 0.603319 28.178264 0.050020 0.998535 0.020658 -1.061581 -0.603516 0.013739 0.797232 104.954056
0.797897 -0.057507 0.600045 28.380737 0.055422 0.998221 0.021971 -1.051814 -0.600241 0.015725 0.799664 105.858481
0.800257 -0.058548 0.596793 28.569785 0.056916 0.998145 0.021601 -1.040911 -0.596950 0.016681 0.802105 106.751315
0.802795 -0.059605 0.593269 28.777545 0.058554 0.998062 0.021041 -1.039201 -0.593374 0.017847 0.804729 107.686778
0.805401 -0.054180 0.590249 28.961701 0.053383 0.998397 0.018804 -1.032948 -0.590321 0.016365 0.807002 108.636556
0.808443 -0.050508 0.586403 29.015998 0.048844 0.998632 0.018675 -1.032037 -0.586544 0.013545 0.809804 108.803074
0.811236 -0.050770 0.582511 29.082245 0.046810 0.998665 0.021852 -1.025910 -0.582842 0.009540 0.812529 108.994796
0.814911 -0.053226 0.577137 29.137876 0.044795 0.998580 0.028844 -1.026762 -0.577852 0.002348 0.816138 109.118426
0.817459 -0.056979 0.573162 29.340479 0.045255 0.998372 0.034705 -1.014812 -0.574207 -0.002431 0.818707 110.116593
0.820491 -0.062622 0.568219 29.521633 0.049568 0.998032 0.038416 -1.008571 -0.569506 -0.003354 0.821980 111.070815
0.823936 -0.066061 0.562820 29.694989 0.054964 0.997815 0.036656 -0.997178 -0.564011 0.000732 0.825767 111.889463
0.826699 -0.070560 0.558203 29.864236 0.065025 0.997439 0.029780 -0.985392 -0.558875 0.011678 0.829170 112.786315
0.830013 -0.072061 0.553069 29.997950 0.072144 0.997159 0.021652 -0.983400 -0.553059 0.021929 0.832854 113.632426
0.834063 -0.074311 0.546642 30.178364 0.077151 0.996861 0.017798 -0.979504 -0.546248 0.027329 0.837177 114.591574
0.838427 -0.077865 0.539423 30.363525 0.079802 0.996614 0.019823 -0.975512 -0.539139 0.026427 0.841802 115.569074
0.843005 -0.084989 0.531149 30.565820 0.086083 0.996028 0.022749 -0.974562 -0.530973 0.026546 0.846973 116.605352
0.846036 -0.086976 0.525982 30.736930 0.089761 0.995757 0.020279 -0.967379 -0.525514 0.030056 0.850254 117.611241
0.849479 -0.090963 0.519722 30.937777 0.096546 0.995194 0.016376 -0.972764 -0.518714 0.036266 0.854179 118.686500
0.852362 -0.090957 0.514982 31.116706 0.097914 0.995101 0.013697 -0.966406 -0.513705 0.038749 0.857092 119.814704
0.855106 -0.091925 0.510239 31.287805 0.097713 0.995094 0.015519 -0.969541 -0.509162 0.036587 0.859892 120.758222
0.857626 -0.096993 0.505045 31.480078 0.101498 0.994661 0.018668 -0.962092 -0.504159 0.035251 0.862891 121.699463
0.858726 -0.100622 0.502459 31.656290 0.103741 0.994365 0.021831 -0.958521 -0.501824 0.033379 0.864325 122.683574
0.859011 -0.104435 0.501192 31.818847 0.106297 0.994022 0.024941 -0.955473 -0.500800 0.031851 0.864977 123.660019
0.859817 -0.105923 0.499494 31.965251 0.108398 0.993814 0.024155 -0.942676 -0.498963 0.033375 0.865980 124.503111
0.860064 -0.110138 0.498156 32.170619 0.111406 0.993400 0.027290 -0.945652 -0.497874 0.032026 0.866658 125.728870
0.860330 -0.108339 0.498091 32.166137 0.111457 0.993490 0.023579 -0.937764 -0.497402 0.035229 0.866804 125.930463
0.860638 -0.102389 0.498818 32.145142 0.106199 0.994127 0.020825 -0.934391 -0.498021 0.035051 0.866457 126.168370
0.860139 -0.100021 0.500157 32.323693 0.103326 0.994422 0.021171 -0.935740 -0.499485 0.033469 0.865676 127.203519
0.859203 -0.095778 0.502590 32.447720 0.098897 0.994886 0.020524 -0.925777 -0.501986 0.032071 0.864281 128.004241
0.857212 -0.091081 0.506846 32.539131 0.092881 0.995439 0.021796 -0.928615 -0.506519 0.028393 0.861761 128.880019
0.855511 -0.094200 0.509144 32.550714 0.095106 0.995170 0.024317 -0.931612 -0.508975 0.027619 0.860338 129.255852
0.853965 -0.091493 0.512224 32.689742 0.088914 0.995599 0.029598 -0.936924 -0.512678 0.020268 0.858342 130.170870
0.851316 -0.094091 0.516148 32.848486 0.090931 0.995360 0.031469 -0.931178 -0.516714 0.020144 0.855921 131.161556
0.848081 -0.094037 0.521455 32.999902 0.093238 0.995255 0.027839 -0.936200 -0.521598 0.025010 0.852825 132.108352
0.846012 -0.086160 0.526155 33.104257 0.090045 0.995770 0.018277 -0.930692 -0.525505 0.031916 0.850192 132.830759
0.843753 -0.080885 0.530602 33.287123 0.087313 0.996096 0.013000 -0.929952 -0.529582 0.035360 0.847521 133.871574
0.839646 -0.082986 0.536758 33.416231 0.086387 0.996083 0.018865 -0.934956 -0.536221 0.030529 0.843526 134.749185
0.836178 -0.086484 0.541596 33.539427 0.087026 0.995901 0.024667 -0.935508 -0.541509 0.026507 0.840277 135.640241
0.831439 -0.090076 0.548266 33.638663 0.087622 0.995680 0.030705 -0.937496 -0.548664 0.022511 0.835740 136.461630
0.828061 -0.087855 0.553712 33.758883 0.086539 0.995838 0.028589 -0.930910 -0.553919 0.024244 0.832218 137.299833
0.826410 -0.090446 0.555758 33.970304 0.087809 0.995640 0.031462 -0.928060 -0.556181 0.022801 0.830749 138.314296
0.822816 -0.091860 0.560834 34.104251 0.090784 0.995423 0.029851 -0.926770 -0.561010 0.026353 0.827390 139.161056
0.819033 -0.093313 0.566107 34.225864 0.093165 0.995221 0.029256 -0.929372 -0.566131 0.028780 0.823813 140.071944
0.815519 -0.095437 0.570807 34.367863 0.098942 0.994780 0.024964 -0.910951 -0.570210 0.036118 0.820705 140.810222
0.811579 -0.096165 0.576274 34.520116 0.099234 0.994718 0.026239 -0.906563 -0.575754 0.035891 0.816835 141.626759
0.808451 -0.094054 0.581000 34.633046 0.095644 0.995022 0.027990 -0.908407 -0.580740 0.032941 0.813422 142.276444
0.803719 -0.098682 0.586769 34.764957 0.102103 0.994397 0.027382 -0.893082 -0.586183 0.037904 0.809292 142.956537
0.800132 -0.089615 0.593092 34.814713 0.089584 0.995540 0.029569 -0.910356 -0.593097 0.029473 0.804592 143.610741
0.797116 -0.084858 0.597834 34.836804 0.087780 0.995843 0.024312 -0.913381 -0.597411 0.033099 0.801252 143.855815
0.793793 -0.083813 0.602386 34.896080 0.089247 0.995789 0.020945 -0.915218 -0.601604 0.037135 0.797930 144.170630
0.789867 -0.075526 0.608610 34.967516 0.080818 0.996552 0.018780 -0.918814 -0.607930 0.034353 0.793247 144.710222
0.785507 -0.079790 0.613687 35.086014 0.078335 0.996497 0.029294 -0.920118 -0.613874 0.025063 0.789006 145.114500
0.780268 -0.079654 0.620352 35.185676 0.069155 0.996763 0.041003 -0.919050 -0.621610 0.010907 0.783251 145.750741
0.774850 -0.083540 0.626601 35.309677 0.069457 0.996479 0.046963 -0.909037 -0.628318 0.007132 0.777924 146.312907
0.769562 -0.084514 0.632955 35.419788 0.067717 0.996415 0.050713 -0.900451 -0.634972 0.003835 0.772526 146.892796
0.763890 -0.077806 0.640639 35.534911 0.060176 0.996968 0.049330 -0.891071 -0.642535 0.000868 0.766256 147.352185
0.758091 -0.079870 0.647239 35.710648 0.064587 0.996788 0.047355 -0.880635 -0.648943 0.005904 0.760814 148.117648
0.752533 -0.069272 0.654901 35.896889 0.059579 0.997536 0.037054 -0.872285 -0.655854 0.011134 0.754806 148.827407
0.745438 -0.072264 0.662646 36.169918 0.067046 0.997193 0.033326 -0.857432 -0.663194 0.019585 0.748191 149.902167
0.738661 -0.078920 0.669442 36.187447 0.072806 0.996654 0.037161 -0.867862 -0.670134 0.021290 0.741935 150.326389
0.732726 -0.082601 0.675492 36.267529 0.071790 0.996450 0.043977 -0.866312 -0.676726 0.016270 0.736055 150.650630
0.725625 -0.085768 0.682724 36.470720 0.072240 0.996214 0.048371 -0.867447 -0.684288 0.014221 0.729074 151.483241
0.718328 -0.083335 0.690696 36.646808 0.068265 0.996452 0.049229 -0.857923 -0.692347 0.011788 0.721468 152.235500
0.713064 -0.088011 0.695553 36.771084 0.076224 0.995941 0.047877 -0.847855 -0.696943 0.018878 0.716878 152.752870
0.708090 -0.094468 0.699775 37.008571 0.079668 0.995371 0.053757 -0.837145 -0.701614 0.017685 0.712338 153.589000
0.703729 -0.094985 0.704091 37.149532 0.077200 0.995378 0.057121 -0.829049 -0.706262 0.014158 0.707809 154.138074
0.699484 -0.094970 0.708310 37.287459 0.075467 0.995405 0.058937 -0.818312 -0.710652 0.012228 0.703437 154.749648
0.695300 -0.090636 0.712982 37.416125 0.070895 0.995828 0.057455 -0.806416 -0.715214 0.010598 0.698825 155.313741
0.691606 -0.090534 0.716578 37.569177 0.074805 0.995756 0.053607 -0.797211 -0.718391 0.016528 0.695443 155.876296
0.689470 -0.087125 0.719055 37.747139 0.076223 0.995954 0.047589 -0.782101 -0.720293 0.021997 0.693322 156.450037
0.686773 -0.082152 0.722214 37.832773 0.070852 0.996427 0.045969 -0.775566 -0.723410 0.019601 0.690140 156.887204
0.684520 -0.084470 0.724084 37.829381 0.068447 0.996324 0.051522 -0.775532 -0.725774 0.014294 0.687785 156.995204
0.681147 -0.091722 0.726379 37.801366 0.071701 0.995709 0.058495 -0.776996 -0.728627 0.012239 0.684801 157.163667
0.678456 -0.092903 0.728743 37.846456 0.070024 0.995633 0.061735 -0.772074 -0.731296 0.009145 0.681999 157.444407
0.675439 -0.096845 0.731028 37.894376 0.076046 0.995201 0.061579 -0.771302 -0.733484 0.013999 0.679563 157.690889
0.673270 -0.097296 0.732967 38.026249 0.080512 0.995057 0.058132 -0.761806 -0.735000 0.019874 0.677775 158.172037
0.672070 -0.089326 0.735080 38.127559 0.075417 0.995792 0.052055 -0.757941 -0.736637 0.020453 0.675979 158.595648
0.670070 -0.084600 0.737461 38.216675 0.077487 0.996028 0.043857 -0.755934 -0.738242 0.027756 0.673964 158.956685
0.668633 -0.083103 0.738934 38.242249 0.078490 0.996071 0.040999 -0.755159 -0.739438 0.030586 0.672529 159.134759
0.666108 -0.090394 0.740357 38.200896 0.079389 0.995583 0.050129 -0.756984 -0.741618 0.025385 0.670342 159.090889
0.663823 -0.091979 0.742212 38.086205 0.067365 0.995728 0.063146 -0.766662 -0.744850 0.008082 0.667183 158.980500
0.661617 -0.090748 0.744330 38.013424 0.058003 0.995869 0.069858 -0.767557 -0.747595 -0.003046 0.664148 159.039185
0.660144 -0.091233 0.745578 38.020595 0.057964 0.995824 0.070532 -0.772673 -0.748899 -0.003344 0.662676 159.110000
0.657731 -0.093939 0.747372 38.033426 0.064417 0.995573 0.068446 -0.775398 -0.750494 0.003124 0.660870 159.242704
0.655558 -0.093188 0.749373 38.052072 0.066227 0.995628 0.065875 -0.768504 -0.752235 0.006444 0.658864 159.341537
0.654161 -0.094447 0.750436 38.040300 0.065839 0.995517 0.067900 -0.765098 -0.753485 0.004990 0.657447 159.374574
0.651729 -0.096437 0.752296 38.017447 0.065970 0.995332 0.070441 -0.767176 -0.755577 0.003720 0.655049 159.429889
0.649108 -0.095433 0.754686 37.996668 0.065818 0.995425 0.069266 -0.760414 -0.757843 0.004711 0.652420 159.522778
0.647281 -0.096571 0.756110 38.009255 0.066655 0.995313 0.070061 -0.758631 -0.759332 0.005049 0.650684 159.533889
0.644596 -0.094122 0.758707 38.028987 0.065695 0.995541 0.067688 -0.749359 -0.761695 0.006212 0.647906 159.559352
0.641485 -0.093776 0.761382 38.039776 0.067388 0.995552 0.065842 -0.743477 -0.764170 0.009071 0.644951 159.619630
0.638252 -0.091036 0.764426 38.082037 0.064676 0.995814 0.064591 -0.735767 -0.767106 0.008214 0.641468 159.574407
0.635284 -0.087678 0.767286 38.120603 0.062683 0.996110 0.061927 -0.725065 -0.769731 0.008754 0.638308 159.534333
0.630296 -0.085718 0.771609 38.142511 0.064038 0.996239 0.058361 -0.721411 -0.773710 0.012628 0.633414 159.540648
0.625186 -0.083432 0.776004 38.192089 0.063232 0.996416 0.056187 -0.713521 -0.777910 0.013941 0.628221 159.544667
0.620649 -0.081803 0.779810 38.214083 0.061779 0.996553 0.055370 -0.714054 -0.781651 0.013811 0.623563 159.437370
0.615998 -0.080250 0.783650 38.208299 0.057613 0.996723 0.056782 -0.712578 -0.785638 0.010171 0.618603 159.322815
0.611549 -0.078799 0.787273 38.215460 0.053816 0.996867 0.057973 -0.709905 -0.789375 0.006915 0.613873 159.106611
0.606960 -0.077075 0.790986 38.210670 0.051888 0.997006 0.057334 -0.710531 -0.793037 0.006243 0.609142 158.947815
0.601313 -0.074017 0.795578 38.215330 0.048215 0.997247 0.056337 -0.711136 -0.797558 0.004483 0.603226 158.824241
0.595580 -0.068908 0.800335 38.225304 0.044995 0.997611 0.052411 -0.707098 -0.802035 0.004796 0.597258 158.774963
0.590543 -0.066140 0.804291 38.254388 0.041142 0.997807 0.051845 -0.707887 -0.805956 0.002474 0.591970 158.492204
0.585043 -0.064976 0.808395 38.244631 0.041598 0.997877 0.050101 -0.704829 -0.809935 0.004316 0.586504 158.457481
0.579499 -0.061346 0.812661 38.229219 0.037457 0.998114 0.048635 -0.709453 -0.814112 0.002255 0.580703 158.255222
0.574613 -0.061284 0.816128 38.229467 0.038110 0.998114 0.048118 -0.710988 -0.817538 0.003453 0.575865 157.998056
0.568695 -0.062293 0.820186 38.193363 0.041536 0.998031 0.047000 -0.721520 -0.821499 0.007338 0.570163 157.755907
0.563013 -0.060180 0.824254 38.164500 0.038068 0.998175 0.046876 -0.719743 -0.825571 0.004986 0.564277 157.461500
0.557020 -0.061842 0.828193 38.092037 0.037751 0.998078 0.049137 -0.721958 -0.829640 0.003895 0.558285 157.115519
0.550730 -0.061922 0.832383 37.978319 0.031730 0.998077 0.053254 -0.727088 -0.834080 -0.002917 0.551636 156.739444
0.546260 -0.066743 0.834952 37.922332 0.034606 0.997768 0.057118 -0.722435 -0.836901 -0.002307 0.547350 156.500333
0.543505 -0.066839 0.836741 37.940476 0.032932 0.997755 0.058310 -0.698878 -0.838760 -0.004137 0.544486 156.322296
0.542028 -0.071444 0.837318 37.907001 0.031985 0.997412 0.064398 -0.692302 -0.839751 -0.008124 0.542910 156.001315
0.538469 -0.075364 0.839268 37.793531 0.033149 0.997116 0.068270 -0.684237 -0.841993 -0.008940 0.539414 155.759037
0.533786 -0.076772 0.842127 37.717499 0.035989 0.997030 0.068082 -0.679413 -0.844853 -0.006034 0.534964 155.483667
0.528114 -0.070249 0.846263 37.691071 0.039070 0.997527 0.058424 -0.675385 -0.848274 0.002209 0.529553 155.488833
0.522996 -0.060579 0.850180 37.703545 0.040522 0.998110 0.046192 -0.668572 -0.851371 0.010293 0.524463 155.521500
0.518068 -0.056315 0.853483 37.678705 0.046779 0.998202 0.037469 -0.657569 -0.854059 0.020513 0.519771 155.478333
0.514503 -0.063379 0.855143 37.618938 0.055529 0.997634 0.040530 -0.681949 -0.855689 0.026633 0.516805 155.267519
0.509227 -0.073273 0.857508 37.532792 0.064185 0.996828 0.047062 -0.688773 -0.858236 0.031074 0.512314 155.127556
0.505468 -0.079260 0.859197 37.388407 0.063924 0.996475 0.054318 -0.694432 -0.860475 0.027467 0.508753 154.820241
0.503220 -0.075345 0.860867 37.405292 0.062714 0.996749 0.050578 -0.701965 -0.861879 0.028536 0.506310 154.750815
0.501204 -0.066738 0.862752 37.462743 0.058529 0.997353 0.043149 -0.702971 -0.863347 0.028869 0.503784 154.822574
0.499348 -0.064008 0.864034 37.494085 0.056990 0.997534 0.040961 -0.695596 -0.864525 0.028787 0.501765 154.766352
0.497267 -0.068768 0.864868 37.436629 0.055541 0.997332 0.047367 -0.702091 -0.865818 0.024481 0.499760 154.570130
0.495474 -0.071428 0.865681 37.403246 0.052621 0.997251 0.052166 -0.714489 -0.867027 0.019706 0.497871 154.363148
0.493693 -0.069663 0.866842 37.434787 0.050755 0.997395 0.051248 -0.712656 -0.868154 0.018695 0.495943 154.229574
0.490359 -0.066987 0.868942 37.472404 0.051389 0.997529 0.047900 -0.703801 -0.870004 0.021166 0.492590 154.280833
0.488017 -0.069341 0.870075 37.480374 0.055122 0.997298 0.048562 -0.708924 -0.871092 0.024261 0.490521 154.198111
0.485448 -0.071103 0.871370 37.492513 0.059160 0.997074 0.048401 -0.711809 -0.872262 0.028054 0.488234 154.180093
0.483556 -0.074080 0.872173 37.493793 0.062985 0.996774 0.049743 -0.709751 -0.873044 0.030881 0.486662 154.092167
0.482152 -0.076920 0.872704 37.497514 0.067823 0.996426 0.050354 -0.714814 -0.873458 0.034911 0.485646 154.037611
0.480665 -0.081242 0.873133 37.458013 0.069564 0.996094 0.054387 -0.729519 -0.874141 0.034597 0.484439 153.905130
0.480331 -0.079373 0.873488 37.474088 0.067179 0.996301 0.053592 -0.717813 -0.874511 0.032938 0.483886 153.890056
0.479395 -0.080689 0.873882 37.455242 0.064638 0.996306 0.056534 -0.713695 -0.875215 0.029384 0.482840 153.775426
0.479249 -0.078791 0.874135 37.469952 0.060377 0.996563 0.056724 -0.711257 -0.875600 0.025593 0.482358 153.757722
0.478500 -0.076613 0.874739 37.518293 0.057193 0.996790 0.056017 -0.707463 -0.876223 0.023225 0.481346 153.669722
0.477888 -0.076147 0.875114 37.560856 0.058303 0.996788 0.054895 -0.703801 -0.876484 0.024788 0.480793 153.649611
0.477436 -0.073946 0.875549 37.586344 0.052230 0.997079 0.055730 -0.708726 -0.877113 0.019122 0.479904 153.524833
0.476533 -0.076318 0.875838 37.600324 0.056500 0.996824 0.056119 -0.705894 -0.877339 0.022742 0.479332 153.510019
0.475283 -0.081598 0.876041 37.526344 0.056572 0.996464 0.062123 -0.704643 -0.878012 0.020034 0.478219 153.315667
0.474233 -0.083875 0.876395 37.525037 0.061880 0.996165 0.061853 -0.699271 -0.878222 0.024899 0.477604 153.378852
0.473888 -0.083552 0.876612 37.538489 0.059068 0.996263 0.063024 -0.701513 -0.878602 0.021913 0.477052 153.248944
0.473471 -0.077656 0.877380 37.643513 0.059481 0.996651 0.056114 -0.697867 -0.878799 0.025619 0.476504 153.444463
0.471632 -0.077820 0.878355 37.689646 0.060299 0.996613 0.055920 -0.701549 -0.879731 0.026590 0.474727 153.479407
0.471063 -0.072007 0.879155 37.750088 0.053568 0.997158 0.052970 -0.698330 -0.880471 0.022143 0.473582 153.546278
0.469467 -0.078238 0.879477 37.682723 0.055740 0.996706 0.058913 -0.707691 -0.881189 0.021365 0.472282 153.459963
0.467844 -0.083654 0.879843 37.620655 0.056193 0.996312 0.064848 -0.716027 -0.882023 0.019102 0.470819 153.333093
0.464196 -0.085196 0.881625 37.592510 0.051582 0.996274 0.069117 -0.717836 -0.884229 0.013392 0.466861 153.426778
0.462548 -0.085689 0.882444 37.651235 0.053780 0.996197 0.068546 -0.711976 -0.884962 0.015752 0.465398 153.360963
0.460765 -0.084891 0.883453 37.713859 0.053004 0.996270 0.068088 -0.707358 -0.885938 0.015454 0.463546 153.210259
0.456514 -0.084413 0.885703 37.788104 0.052244 0.996315 0.068027 -0.696970 -0.888181 0.015218 0.459242 153.316352
0.452362 -0.084542 0.887818 37.841666 0.051968 0.996304 0.068394 -0.686791 -0.890319 0.015199 0.455083 153.435537
0.447784 -0.085538 0.890041 37.890677 0.053057 0.996201 0.069048 -0.677783 -0.892566 0.016304 0.450622 153.531556
0.443645 -0.085717 0.892094 37.925604 0.053336 0.996176 0.069194 -0.672117 -0.894614 0.016883 0.446520 153.724111
0.439461 -0.085243 0.894208 37.960866 0.051799 0.996235 0.069512 -0.671494 -0.896767 0.015771 0.442222 153.887019
0.434413 -0.082123 0.896962 37.997667 0.044230 0.996578 0.069822 -0.666088 -0.899627 0.009341 0.436559 154.072685
0.430275 -0.082500 0.898920 38.009471 0.043844 0.996550 0.070474 -0.661062 -0.901632 0.009089 0.432408 154.323685
0.425360 -0.078057 0.901652 38.047903 0.033759 0.996949 0.070381 -0.651468 -0.904394 0.000502 0.426697 154.528815
0.423281 -0.074913 0.902896 38.117417 0.032577 0.997190 0.067464 -0.650860 -0.905412 0.000857 0.424532 154.706963
0.420282 -0.072980 0.904454 38.191700 0.033709 0.997328 0.064811 -0.651342 -0.906767 0.003249 0.421619 154.907500
0.417455 -0.069459 0.906039 38.268040 0.031881 0.997580 0.061788 -0.641504 -0.908138 0.003091 0.418659 155.117241
0.415392 -0.071384 0.906838 38.249334 0.031868 0.997446 0.063918 -0.641614 -0.909084 0.002348 0.416606 155.176889
0.411676 -0.072724 0.908424 38.242282 0.029700 0.997352 0.066384 -0.629041 -0.910847 -0.000349 0.412745 155.174852
0.408789 -0.075583 0.909494 38.201414 0.029339 0.997138 0.069679 -0.623371 -0.912157 -0.001801 0.409837 155.104037
0.406884 -0.076799 0.910246 38.222896 0.032823 0.997045 0.069450 -0.615649 -0.912890 0.001618 0.408202 155.117148
0.404783 -0.078121 0.911070 38.235683 0.035624 0.996935 0.069656 -0.609513 -0.913718 0.004260 0.406326 155.116870
0.402379 -0.076786 0.912247 38.284105 0.032440 0.997046 0.069615 -0.601097 -0.914898 0.001582 0.403681 155.058833
0.400432 -0.073879 0.913343 38.400750 0.036442 0.997240 0.064688 -0.586512 -0.915602 0.007381 0.402019 155.207056
0.397049 -0.081109 0.914207 38.347749 0.046106 0.996592 0.068394 -0.577057 -0.916639 0.014994 0.399436 154.975926
0.395676 -0.084792 0.914468 38.294840 0.047459 0.996286 0.071844 -0.564054 -0.917163 0.014972 0.398230 154.798704
0.393826 -0.083958 0.915343 38.336641 0.045233 0.996383 0.071930 -0.551924 -0.918072 0.013076 0.396199 154.655926
0.391924 -0.074332 0.916990 38.606204 0.047177 0.997043 0.060658 -0.538854 -0.918787 0.019487 0.394272 154.914315
0.390311 -0.063085 0.918519 38.862401 0.047862 0.997691 0.048184 -0.523977 -0.919438 0.025156 0.392429 155.141870
0.388184 -0.058303 0.919736 38.931964 0.044725 0.998013 0.044388 -0.523221 -0.920496 0.023905 0.390020 155.101815
0.387195 -0.062334 0.919888 38.802272 0.037679 0.997948 0.051764 -0.542449 -0.921228 0.014617 0.388749 154.719000
0.386556 -0.067637 0.919782 38.701017 0.037054 0.997641 0.057789 -0.543331 -0.921521 0.011743 0.388151 154.417759
0.385529 -0.071310 0.919936 38.622172 0.036423 0.997408 0.062051 -0.543911 -0.921977 0.009584 0.387127 154.162519
0.384120 -0.069647 0.920653 38.642551 0.034160 0.997540 0.061211 -0.537474 -0.922651 0.007937 0.385554 154.110259
0.382903 -0.071426 0.921023 38.578032 0.029972 0.997442 0.064892 -0.544151 -0.923302 0.002758 0.384064 153.795815
0.381731 -0.073070 0.921381 38.518454 0.026368 0.997325 0.068169 -0.541301 -0.923897 -0.001727 0.382637 153.517926
0.381041 -0.075493 0.921471 38.493203 0.028075 0.997146 0.070084 -0.536643 -0.924132 -0.000834 0.382073 153.307648
0.379472 -0.078739 0.921846 38.518389 0.036038 0.996874 0.070313 -0.539619 -0.924501 0.006540 0.381124 152.955463
0.378446 -0.075538 0.922536 38.639009 0.034632 0.997122 0.067439 -0.525064 -0.924975 0.006427 0.379973 152.744333
0.377672 -0.076247 0.922795 38.691902 0.037551 0.997045 0.067014 -0.523377 -0.925178 0.009343 0.379419 152.427148
0.377204 -0.076376 0.922975 38.715619 0.036528 0.997045 0.067577 -0.504505 -0.925410 0.008224 0.378879 152.123000
0.377102 -0.075295 0.923106 38.739055 0.030652 0.997158 0.068814 -0.490060 -0.925665 0.002346 0.378338 151.682556
0.376822 -0.076255 0.923142 38.788432 0.034136 0.997072 0.068428 -0.480409 -0.925657 0.005727 0.378321 151.462093
0.376580 -0.073821 0.923438 38.863260 0.030146 0.997269 0.067429 -0.477827 -0.925894 0.002445 0.377776 150.990167
0.376154 -0.071193 0.923818 38.950438 0.028707 0.997460 0.065180 -0.470386 -0.926112 0.002003 0.377243 150.669556
0.375501 -0.071722 0.924043 39.005080 0.033977 0.997396 0.063609 -0.466880 -0.926199 0.007511 0.376960 150.524463
0.374896 -0.076576 0.923899 39.004448 0.043300 0.996941 0.065061 -0.464635 -0.926055 0.015614 0.377065 150.303963
0.375310 -0.077739 0.923634 39.004470 0.040803 0.996896 0.067325 -0.456161 -0.926001 0.012420 0.377317 150.024407
0.375462 -0.077811 0.923566 39.034926 0.040606 0.996894 0.067481 -0.443523 -0.925948 0.012165 0.377456 149.872315
0.375886 -0.079325 0.923264 39.053345 0.040228 0.996787 0.069264 -0.439510 -0.925792 0.011106 0.377870 149.648667
0.375570 -0.078324 0.923478 39.117967 0.043469 0.996815 0.066866 -0.426544 -0.925774 0.015030 0.377779 149.662019
0.375758 -0.077759 0.923450 39.169796 0.043801 0.996850 0.066117 -0.425905 -0.925682 0.015604 0.377980 149.578815
0.375751 -0.077129 0.923506 39.224633 0.045546 0.996863 0.064724 -0.421549 -0.925601 0.017742 0.378085 149.540389
0.375758 -0.076601 0.923546 39.267515 0.047566 0.996858 0.063329 -0.416012 -0.925496 0.020134 0.378221 149.552685
0.376002 -0.075825 0.923511 39.292852 0.046620 0.996932 0.062873 -0.414286 -0.925445 0.019414 0.378384 149.534111
0.376405 -0.075128 0.923404 39.319360 0.045396 0.997005 0.062611 -0.411359 -0.925343 0.018352 0.378688 149.531833
0.378095 -0.074076 0.922799 39.330830 0.035536 0.997220 0.065490 -0.421854 -0.925085 0.008031 0.379676 149.391167
0.379063 -0.070854 0.922654 39.364861 0.028677 0.997485 0.064819 -0.408388 -0.924926 0.001889 0.380142 149.441463
0.380627 -0.068415 0.922195 39.387260 0.019149 0.997629 0.066107 -0.394171 -0.924530 -0.007503 0.381034 149.411537
0.381613 -0.068696 0.921766 39.394512 0.017435 0.997592 0.067129 -0.387043 -0.924158 -0.009546 0.381891 149.460889
0.383209 -0.068154 0.921144 39.408293 0.010592 0.997533 0.069400 -0.384777 -0.923601 -0.016838 0.382985 149.429074
0.384372 -0.065261 0.920869 39.450191 0.007515 0.997686 0.067568 -0.370723 -0.923148 -0.019051 0.383974 149.646259
0.385804 -0.063883 0.920367 39.491296 0.004033 0.997707 0.067560 -0.369770 -0.922572 -0.022353 0.385176 149.721648
0.387186 -0.063741 0.919796 39.534086 0.004910 0.997736 0.067076 -0.364001 -0.921989 -0.021455 0.386622 149.899778
0.388594 -0.063871 0.919193 39.550421 0.001126 0.997627 0.068845 -0.356355 -0.921408 -0.025718 0.387744 149.922185
0.390195 -0.063007 0.918574 39.565957 -0.003686 0.997541 0.069989 -0.345232 -0.920725 -0.030696 0.389004 150.016685
0.391713 -0.061636 0.918021 39.568873 -0.010625 0.997384 0.071497 -0.339569 -0.920026 -0.037760 0.390033 150.087407
0.392939 -0.062837 0.917415 39.581881 -0.010356 0.997297 0.072744 -0.341581 -0.919506 -0.038085 0.391226 150.182111
0.392979 -0.061678 0.917477 39.601478 -0.007586 0.997497 0.070306 -0.332374 -0.919516 -0.034589 0.391527 150.482870
0.393978 -0.062294 0.917006 39.608854 -0.009855 0.997357 0.071986 -0.341254 -0.919067 -0.037398 0.392323 150.520204
0.394221 -0.060493 0.917023 39.628273 -0.009380 0.997514 0.069835 -0.340204 -0.918968 -0.036132 0.392674 150.739352
0.395337 -0.058765 0.916655 39.646287 -0.012662 0.997508 0.069409 -0.333398 -0.918449 -0.039047 0.393607 150.886556
0.396323 -0.056344 0.916381 39.663124 -0.018192 0.997437 0.069195 -0.331363 -0.917931 -0.044094 0.394282 150.965759
0.397262 -0.055364 0.916034 39.678854 -0.019174 0.997460 0.068601 -0.323148 -0.917505 -0.044817 0.395192 151.137074
0.398074 -0.054387 0.915740 39.691085 -0.021273 0.997425 0.068485 -0.316899 -0.917106 -0.046743 0.395892 151.254981
0.397913 -0.050778 0.916017 39.692776 -0.029897 0.997219 0.068267 -0.309801 -0.916936 -0.054550 0.395288 151.313722
0.398016 -0.047867 0.916129 39.733492 -0.028547 0.997508 0.064521 -0.302510 -0.916934 -0.051833 0.395657 151.569648
0.398690 -0.046641 0.915899 39.727946 -0.033431 0.997303 0.065339 -0.301295 -0.916476 -0.056669 0.396055 151.643241
0.399584 -0.044667 0.915608 39.747451 -0.036704 0.997232 0.064668 -0.294702 -0.915961 -0.059447 0.396838 151.788537
0.400807 -0.045002 0.915057 39.740787 -0.041164 0.996900 0.067058 -0.298195 -0.915238 -0.064545 0.397711 151.827815
0.401545 -0.043432 0.914809 39.761572 -0.041543 0.996983 0.065568 -0.291496 -0.914897 -0.064333 0.398530 152.008870
0.402296 -0.041510 0.914568 39.769061 -0.044925 0.996873 0.065006 -0.287350 -0.914407 -0.067239 0.399174 152.202981
0.402403 -0.040222 0.914579 39.788059 -0.043029 0.997099 0.062784 -0.282415 -0.914451 -0.064617 0.399505 152.506574
0.402774 -0.039063 0.914465 39.801991 -0.044662 0.997060 0.062262 -0.278660 -0.914209 -0.065919 0.399846 152.642537
0.403446 -0.038403 0.914197 39.816144 -0.045250 0.997059 0.061853 -0.278636 -0.913884 -0.066322 0.400521 152.784444
0.403424 -0.036643 0.914279 39.820966 -0.047070 0.997044 0.060730 -0.275385 -0.913802 -0.067535 0.400507 152.926370
0.403511 -0.035831 0.914273 39.828667 -0.047535 0.997063 0.060055 -0.274315 -0.913739 -0.067693 0.400623 153.069222
0.403326 -0.034579 0.914403 39.830519 -0.048605 0.997066 0.059143 -0.272563 -0.913764 -0.068298 0.400462 153.186370
0.402825 -0.033856 0.914651 39.836594 -0.048351 0.997133 0.058203 -0.268383 -0.913999 -0.067670 0.400033 153.243685
0.402428 -0.033486 0.914839 39.834601 -0.050942 0.996963 0.058901 -0.268112 -0.914033 -0.070307 0.399500 153.174796
0.400976 -0.033255 0.915485 39.819071 -0.053642 0.996774 0.059702 -0.262526 -0.914517 -0.073047 0.397898 153.195648
0.400003 -0.033286 0.915909 39.817321 -0.055130 0.996657 0.060298 -0.254263 -0.914854 -0.074613 0.396830 153.137667
0.398683 -0.032052 0.916529 39.828402 -0.056763 0.996610 0.059544 -0.249183 -0.915331 -0.075764 0.395512 153.048407
0.396683 -0.031195 0.917425 39.848306 -0.051883 0.997063 0.056336 -0.252356 -0.916488 -0.069946 0.393900 153.039333
0.395040 -0.030244 0.918166 39.910676 -0.043736 0.997706 0.051681 -0.249643 -0.917622 -0.060574 0.392811 153.067778
0.393509 -0.029044 0.918862 39.958601 -0.041212 0.997939 0.049193 -0.254883 -0.918396 -0.057226 0.391501 153.056722
0.391997 -0.023939 0.919655 39.997427 -0.044800 0.997979 0.045073 -0.240052 -0.918875 -0.058869 0.390132 153.050704
0.391286 -0.023541 0.919968 40.026695 -0.042688 0.998132 0.043698 -0.233059 -0.919279 -0.056370 0.389550 153.015481
0.391703 -0.026921 0.919698 40.037225 -0.043810 0.997892 0.047869 -0.234289 -0.919048 -0.059043 0.389698 152.709852
0.391488 -0.035422 0.919501 40.036572 -0.034967 0.997964 0.053332 -0.239203 -0.919519 -0.053031 0.389453 152.512815
0.390430 -0.036015 0.919928 40.046157 -0.032975 0.998046 0.053069 -0.230611 -0.920042 -0.051055 0.388479 152.473796
0.389141 -0.030468 0.920674 40.076564 -0.040026 0.997950 0.049943 -0.222421 -0.920308 -0.056286 0.387123 152.430259
0.388454 -0.027400 0.921061 40.109450 -0.041894 0.997999 0.047357 -0.215235 -0.920515 -0.056983 0.386528 152.396074
0.385526 -0.031984 0.922142 40.074674 -0.042061 0.997751 0.052191 -0.223737 -0.921738 -0.058907 0.383313 152.313407
0.384549 -0.033830 0.922485 40.084108 -0.037679 0.997920 0.052303 -0.212008 -0.922335 -0.054871 0.382474 152.265741
0.383065 -0.032779 0.923140 40.088396 -0.037296 0.998006 0.050913 -0.203981 -0.922968 -0.053933 0.381078 152.198407
0.380939 -0.030677 0.924091 40.080863 -0.042443 0.997816 0.050621 -0.202433 -0.923626 -0.058505 0.378804 152.188130
0.379043 -0.027393 0.924973 40.087634 -0.041531 0.998051 0.046577 -0.189639 -0.924446 -0.056070 0.377167 152.280593
0.376423 -0.025163 0.926106 40.066326 -0.045674 0.997911 0.045679 -0.192062 -0.925321 -0.059493 0.374487 152.393815
0.374624 -0.023474 0.926880 40.069966 -0.042199 0.998212 0.042336 -0.183004 -0.926216 -0.054974 0.372964 152.395648
0.373491 -0.026781 0.927248 40.041691 -0.045818 0.997831 0.047275 -0.195144 -0.926502 -0.060141 0.371453 152.380685
0.372474 -0.024181 0.927728 40.056979 -0.046073 0.997946 0.044510 -0.179153 -0.926898 -0.059322 0.370595 152.360185
0.371380 -0.022899 0.928199 40.070894 -0.045651 0.998036 0.042887 -0.174485 -0.927358 -0.058301 0.369606 152.273315
0.369114 -0.022159 0.929120 40.082110 -0.037915 0.998524 0.038877 -0.182567 -0.928611 -0.049577 0.367729 152.300185
0.366393 -0.016962 0.930306 40.095275 -0.039304 0.998659 0.033688 -0.186124 -0.929630 -0.048908 0.365235 152.295000
0.364588 -0.013765 0.931067 40.116346 -0.041816 0.998640 0.031138 -0.190624 -0.930230 -0.050286 0.363516 152.296426
0.363588 -0.016357 0.931416 40.113473 -0.038528 0.998726 0.032578 -0.185210 -0.930763 -0.047730 0.362494 152.242148
0.361362 -0.023288 0.932135 40.076192 -0.041748 0.998281 0.041125 -0.207591 -0.931490 -0.053776 0.359769 152.011463
0.360063 -0.027424 0.932525 40.070614 -0.035990 0.998416 0.043258 -0.208012 -0.932234 -0.049137 0.358506 151.965056
0.357867 -0.027217 0.933376 40.061747 -0.037345 0.998358 0.043430 -0.212139 -0.933025 -0.050399 0.356263 151.963574
0.356654 -0.024262 0.933921 40.082245 -0.039934 0.998353 0.041187 -0.212119 -0.933383 -0.051985 0.355098 151.957111
0.357229 -0.023057 0.933732 40.131952 -0.035595 0.998633 0.038277 -0.203579 -0.933338 -0.046910 0.355920 151.945870
0.356755 -0.024621 0.933873 40.135019 -0.036828 0.998505 0.040393 -0.215643 -0.933472 -0.048803 0.355315 151.880481
0.356996 -0.027008 0.933715 40.141532 -0.036305 0.998425 0.042760 -0.216845 -0.933400 -0.049164 0.355453 151.895426
0.356241 -0.029134 0.933940 40.158493 -0.039974 0.998124 0.046384 -0.227668 -0.933539 -0.053857 0.354408 151.833463
0.357853 -0.028202 0.933352 40.210128 -0.038803 0.998231 0.045040 -0.219125 -0.932971 -0.052335 0.356125 151.781667
0.357353 -0.030216 0.933481 40.205300 -0.040720 0.998022 0.047894 -0.217960 -0.933082 -0.055126 0.355415 151.825889
0.359082 -0.033142 0.932718 40.252216 -0.038870 0.997971 0.050425 -0.228815 -0.932496 -0.054361 0.357065 151.761741
0.359279 -0.035255 0.932564 40.259149 -0.037071 0.997958 0.052010 -0.219136 -0.932493 -0.053257 0.357239 151.902426
0.360013 -0.038764 0.932141 40.297316 -0.033771 0.997940 0.054543 -0.232211 -0.932336 -0.051116 0.357963 151.908111
0.361793 -0.038686 0.931456 40.360718 -0.032318 0.998018 0.054003 -0.225138 -0.931698 -0.049641 0.359825 151.921037
0.362738 -0.041239 0.930978 40.396822 -0.029996 0.997986 0.055895 -0.229066 -0.931408 -0.048201 0.360771 151.985537
0.364294 -0.044398 0.930225 40.436339 -0.026254 0.997976 0.057913 -0.234476 -0.930914 -0.045520 0.362391 152.006241
0.365947 -0.045044 0.929545 40.474852 -0.023216 0.998075 0.057505 -0.222800 -0.930346 -0.042624 0.364197 152.103111
0.367069 -0.044548 0.929126 40.516249 -0.024259 0.998054 0.057437 -0.220612 -0.929877 -0.043623 0.365275 152.168648
0.368727 -0.039870 0.928682 40.559135 -0.025088 0.998289 0.052819 -0.197077 -0.929199 -0.042775 0.367096 152.313352
0.370106 -0.040257 0.928117 40.599592 -0.026628 0.998190 0.053915 -0.202047 -0.928608 -0.044669 0.368364 152.396278
0.371348 -0.039011 0.927674 40.650071 -0.031818 0.997996 0.054705 -0.203740 -0.927948 -0.049831 0.369362 152.531241
0.373112 -0.037666 0.927021 40.704871 -0.033738 0.997964 0.054127 -0.201091 -0.927173 -0.051471 0.371082 152.583019
0.375097 -0.036885 0.926251 40.773224 -0.034971 0.997934 0.053901 -0.195734 -0.926326 -0.052610 0.373032 152.681648
0.376213 -0.040353 0.925654 40.808486 -0.035474 0.997691 0.057911 -0.206581 -0.925854 -0.054623 0.373913 152.673574
0.381028 -0.039800 0.923706 40.938356 -0.029349 0.998049 0.055109 -0.176708 -0.924097 -0.048108 0.379117 152.832278
0.380541 -0.043486 0.923741 41.386037 -0.034535 0.997529 0.061187 -0.165782 -0.924119 -0.055186 0.378099 153.482667
0.380842 -0.044243 0.923581 41.425738 -0.030355 0.997718 0.060312 -0.157282 -0.924142 -0.051005 0.378629 153.545500
0.380306 -0.046864 0.923673 41.465423 -0.026695 0.997743 0.061613 -0.170058 -0.924475 -0.048089 0.378197 153.631944
0.379578 -0.049503 0.923834 41.462302 -0.027866 0.997503 0.064900 -0.174105 -0.924740 -0.050378 0.377251 153.665981
0.380539 -0.047460 0.923546 41.515524 -0.023338 0.997871 0.060895 -0.146236 -0.924470 -0.044727 0.378622 153.748815
0.377396 -0.050948 0.924650 41.509757 -0.030387 0.997266 0.067351 -0.160728 -0.925553 -0.053515 0.374816 153.860037
0.376082 -0.050314 0.925219 41.514001 -0.030234 0.997327 0.066524 -0.158811 -0.926093 -0.052992 0.373555 153.917870
0.375391 -0.050865 0.925470 41.526751 -0.027269 0.997455 0.065882 -0.159444 -0.926466 -0.049969 0.373048 153.980315
0.373042 -0.053697 0.926259 41.520200 -0.028707 0.997178 0.069370 -0.174425 -0.927370 -0.052468 0.370448 154.008241
0.372108 -0.051156 0.926779 41.527631 -0.028194 0.997396 0.066374 -0.157522 -0.927761 -0.050828 0.369697 154.195926
0.370922 -0.053562 0.927118 41.541147 -0.028964 0.997182 0.069198 -0.171622 -0.928212 -0.052520 0.368326 154.107056
0.370961 -0.051860 0.927199 41.561537 -0.030191 0.997238 0.067857 -0.160379 -0.928158 -0.053165 0.368370 154.129556
0.371071 -0.056606 0.926877 41.579924 -0.026644 0.997080 0.071560 -0.166612 -0.928222 -0.051250 0.368480 154.174426
0.371125 -0.053224 0.927056 41.608139 -0.028812 0.997215 0.068786 -0.155721 -0.928136 -0.052238 0.368558 154.238556
0.370856 -0.052595 0.927200 41.646960 -0.027332 0.997344 0.067506 -0.154702 -0.928288 -0.050378 0.368433 154.264278
0.369999 -0.054795 0.927415 41.652689 -0.024520 0.997335 0.068708 -0.164398 -0.928709 -0.048162 0.367669 154.221704
0.370534 -0.058320 0.926986 41.656432 -0.021319 0.997230 0.071261 -0.157604 -0.928574 -0.046167 0.368265 154.190778
0.370928 -0.061014 0.926655 41.668943 -0.019098 0.997127 0.073298 -0.153204 -0.928465 -0.044886 0.368697 154.189481
0.370723 -0.061347 0.926715 41.691823 -0.015167 0.997283 0.072086 -0.152179 -0.928620 -0.040780 0.368786 154.269315
0.370717 -0.059507 0.926838 41.746882 -0.008702 0.997679 0.067536 -0.151886 -0.928705 -0.033102 0.369339 154.325870
0.371897 -0.058758 0.926412 41.797193 -0.003144 0.997909 0.064555 -0.145689 -0.928269 -0.026920 0.370935 154.409037
0.372584 -0.063194 0.925844 41.805763 0.005110 0.997803 0.066049 -0.150065 -0.927984 -0.019878 0.372089 154.572167
0.373466 -0.063926 0.925439 41.814581 0.007990 0.997807 0.065700 -0.147487 -0.927609 -0.017142 0.373158 154.702389
0.373746 -0.063637 0.925346 41.832968 0.008323 0.997834 0.065260 -0.156057 -0.927494 -0.016689 0.373466 154.747907
0.374353 -0.064755 0.925022 41.823486 0.009944 0.997782 0.065824 -0.154894 -0.927233 -0.015443 0.374167 154.934370
0.374554 -0.069930 0.924565 41.789623 0.012245 0.997438 0.070481 -0.156950 -0.927124 -0.015077 0.374450 155.075685
0.376160 -0.069623 0.923935 41.771171 0.006345 0.997343 0.072571 -0.142504 -0.926533 -0.021436 0.375602 155.250981
0.376960 -0.071099 0.923497 41.760144 0.003299 0.997146 0.075423 -0.143444 -0.926224 -0.025385 0.376119 155.387704
0.378889 -0.069793 0.922807 41.765215 -0.000892 0.997124 0.075779 -0.134642 -0.925442 -0.029535 0.377737 155.561426
0.380562 -0.070359 0.922075 41.757871 -0.002681 0.997013 0.077183 -0.126131 -0.924752 -0.031845 0.379236 155.785833
0.382289 -0.071279 0.921290 41.744527 -0.002301 0.996944 0.078087 -0.123062 -0.924040 -0.031971 0.380957 156.117426
0.385364 -0.070703 0.920052 41.763843 -0.002008 0.996994 0.077457 -0.121022 -0.922763 -0.031697 0.384063 156.384222
0.387209 -0.072377 0.919147 41.737901 0.002841 0.997003 0.077311 -0.112211 -0.921987 -0.027324 0.386254 156.935944
0.389802 -0.072719 0.918023 41.704319 0.005558 0.997045 0.076619 -0.092911 -0.920882 -0.024764 0.389054 157.642593
0.392235 -0.072013 0.917042 41.676034 0.003649 0.997045 0.076735 -0.078008 -0.919858 -0.026752 0.391339 158.214648
0.396201 -0.071713 0.915359 41.668965 0.004072 0.997073 0.076352 -0.061667 -0.918155 -0.026523 0.395333 158.786833
0.398644 -0.071526 0.914312 41.628643 0.002908 0.997048 0.076731 -0.048233 -0.917101 -0.027929 0.397675 159.465352
0.400997 -0.070905 0.913331 41.587139 0.000749 0.997025 0.077073 -0.032631 -0.916079 -0.030222 0.399857 160.101074
0.403182 -0.071155 0.912349 41.572937 -0.000011 0.996972 0.077760 -0.021834 -0.915120 -0.031361 0.401961 160.573204
0.405464 -0.071481 0.911312 41.554075 -0.000975 0.996904 0.078628 -0.017103 -0.914111 -0.032769 0.404139 161.035333
0.406553 -0.071506 0.910825 41.511712 -0.001185 0.996890 0.078791 -0.007200 -0.913627 -0.033112 0.405204 161.531241
0.407772 -0.071546 0.910276 41.506598 -0.000386 0.996912 0.078529 -0.001682 -0.913084 -0.032373 0.406485 161.903019
0.408470 -0.074870 0.909696 41.483923 0.004584 0.996786 0.079980 -0.009046 -0.912760 -0.028499 0.407500 162.280167
0.409413 -0.074979 0.909263 41.460957 0.004550 0.996773 0.080146 -0.002801 -0.912338 -0.028676 0.408432 162.665185
0.409937 -0.076326 0.908915 41.440010 0.005353 0.996677 0.081281 -0.001231 -0.912098 -0.028454 0.408983 162.972815
0.411228 -0.077190 0.908259 41.453699 0.007446 0.996659 0.081332 -0.002730 -0.911502 -0.026683 0.410428 163.217833
0.412579 -0.079527 0.907443 41.463657 0.009834 0.996513 0.082861 -0.001507 -0.910868 -0.025263 0.411923 163.585815
0.414300 -0.081611 0.906474 41.473517 0.011304 0.996356 0.084537 -0.001590 -0.910070 -0.024777 0.413713 163.873074
0.415999 -0.083699 0.905505 41.462501 0.012032 0.996175 0.086552 -0.003137 -0.909285 -0.025111 0.415415 164.202352
0.417414 -0.085685 0.904668 41.432305 0.012116 0.995981 0.088744 -0.002020 -0.908636 -0.026082 0.416774 164.611796
0.418872 -0.089200 0.903653 41.438023 0.013583 0.995668 0.091986 -0.002502 -0.907944 -0.026256 0.418269 164.859667
0.420713 -0.090932 0.902625 41.442376 0.013931 0.995494 0.093795 0.002466 -0.907087 -0.026887 0.420084 165.208185
0.421978 -0.091816 0.901945 41.449320 0.014385 0.995411 0.094600 0.005832 -0.906492 -0.026945 0.421362 165.596574
0.423129 -0.089654 0.901623 41.461697 0.012928 0.995589 0.092930 0.004802 -0.905977 -0.027665 0.422422 165.974093
0.424387 -0.087418 0.901251 41.462199 0.012059 0.995786 0.090909 0.003494 -0.905401 -0.027712 0.423653 166.382426
0.425208 -0.089030 0.900706 41.455325 0.013296 0.995657 0.092139 -0.002696 -0.904998 -0.027203 0.424545 166.676778
0.426983 -0.093763 0.899385 41.433347 0.014240 0.995183 0.096990 -0.008038 -0.904147 -0.028606 0.426262 166.892815
0.427610 -0.098850 0.898543 41.431905 0.013350 0.994585 0.103063 -0.017049 -0.903865 -0.032075 0.426614 166.849370
0.428865 -0.097881 0.898050 41.411671 0.010729 0.994595 0.103279 -0.023746 -0.903305 -0.034657 0.427597 167.170815
0.428683 -0.094256 0.898524 41.422898 0.009421 0.994955 0.099877 -0.028405 -0.903406 -0.034351 0.427409 167.331148
0.428484 -0.091037 0.898951 41.442597 0.008573 0.995276 0.096706 -0.028318 -0.903509 -0.033730 0.427241 167.385241
0.428669 -0.092383 0.898726 41.425765 0.009981 0.995182 0.097538 -0.040785 -0.903406 -0.032841 0.427526 167.492185
0.429399 -0.096279 0.897968 41.459251 0.007895 0.994663 0.102871 -0.037357 -0.903080 -0.037083 0.427868 167.156593
0.429609 -0.101888 0.897248 41.437359 0.007999 0.994004 0.109046 -0.042896 -0.902979 -0.039670 0.427849 167.113074
0.429674 -0.105670 0.896780 41.440502 0.009653 0.993610 0.112455 -0.048532 -0.902932 -0.039662 0.427949 167.016037
0.429270 -0.108420 0.896645 41.442964 0.011725 0.993354 0.114501 -0.054687 -0.903100 -0.038639 0.427689 166.926593
0.428688 -0.109567 0.896784 41.464019 0.013571 0.993288 0.114871 -0.052455 -0.903350 -0.037073 0.427298 166.821296
0.428713 -0.109497 0.896781 41.468539 0.014790 0.993346 0.114218 -0.052859 -0.903320 -0.035703 0.427480 166.833278
0.427256 -0.115991 0.896660 41.472675 0.022580 0.992796 0.117667 -0.053456 -0.903849 -0.030028 0.426797 166.667296
0.426631 -0.121227 0.896265 41.479798 0.028906 0.992298 0.120457 -0.058144 -0.903964 -0.025483 0.426849 166.564944
0.427028 -0.117735 0.896541 41.492639 0.025893 0.992673 0.118027 -0.057118 -0.903868 -0.027187 0.426948 166.592981
0.425320 -0.115011 0.897706 41.563071 0.028404 0.993101 0.113775 -0.042667 -0.904597 -0.022892 0.425653 166.528352
0.423583 -0.117566 0.898196 41.584752 0.037668 0.992971 0.112207 -0.060155 -0.905074 -0.013696 0.425034 166.601444
0.423912 -0.117561 0.898041 41.590487 0.035504 0.992935 0.113224 -0.057932 -0.905007 -0.016113 0.425091 166.514185
0.423910 -0.120973 0.897589 41.592296 0.035500 0.992497 0.116999 -0.053706 -0.905008 -0.017733 0.425024 166.388130
0.423580 -0.123523 0.897397 41.596502 0.037360 0.992199 0.118938 -0.060519 -0.905088 -0.016853 0.424890 166.303222
0.422523 -0.126253 0.897516 41.617811 0.042582 0.991922 0.119487 -0.069043 -0.905352 -0.012267 0.424486 166.265019
0.422053 -0.124352 0.898002 41.649557 0.043619 0.992186 0.116894 -0.064907 -0.905521 -0.010165 0.424179 166.217907
0.422154 -0.124179 0.897978 41.673177 0.044394 0.992217 0.116341 -0.064842 -0.905436 -0.009250 0.424382 166.165426
0.422057 -0.126995 0.897630 41.680402 0.045707 0.991861 0.118836 -0.068211 -0.905416 -0.009128 0.424427 166.099407
0.421839 -0.131542 0.897078 41.689442 0.048205 0.991274 0.122686 -0.069592 -0.905388 -0.008510 0.424499 166.056204
0.422435 -0.132432 0.896666 41.693735 0.049946 0.991167 0.122858 -0.072727 -0.905016 -0.007115 0.425318 166.106944
0.420640 -0.137648 0.896725 41.722830 0.060287 0.990479 0.123759 -0.079135 -0.905222 0.002003 0.424934 166.080019
0.418996 -0.142751 0.896696 41.735893 0.069947 0.989704 0.124874 -0.085040 -0.905290 0.010400 0.424667 166.127685
0.418775 -0.149216 0.895746 41.740466 0.080177 0.988631 0.127205 -0.095787 -0.904543 0.018548 0.425978 166.247370
0.417173 -0.153012 0.895854 41.755246 0.086659 0.987931 0.128385 -0.096484 -0.904686 0.024075 0.425398 166.282759
0.416264 -0.156124 0.895740 41.749349 0.091418 0.987342 0.129606 -0.100259 -0.904637 0.027936 0.425267 166.306648
0.415926 -0.161900 0.894871 41.748534 0.094708 0.986386 0.134437 -0.102487 -0.904454 0.028836 0.425596 166.270685
0.416118 -0.170179 0.893244 41.728392 0.099455 0.984955 0.141320 -0.114444 -0.903855 0.030031 0.426783 166.237407
0.416819 -0.174644 0.892054 41.719990 0.101332 0.984180 0.145332 -0.123740 -0.903324 0.029817 0.427922 166.230852
0.410322 -0.178518 0.894297 41.694156 0.104891 0.983383 0.148174 -0.138481 -0.905888 0.033005 0.422229 166.424556
0.408280 -0.179289 0.895077 41.705863 0.108672 0.983096 0.147350 -0.138411 -0.906365 0.037109 0.420862 166.510370
0.407214 -0.179201 0.895580 41.716107 0.110856 0.983011 0.146290 -0.138059 -0.906580 0.039709 0.420161 166.586222
0.406232 -0.183273 0.895202 41.718623 0.114752 0.982156 0.149002 -0.142808 -0.906536 0.042197 0.420014 166.630167
0.405168 -0.188364 0.894627 41.721421 0.119246 0.981074 0.152560 -0.150431 -0.906432 0.044868 0.419962 166.687463
0.404605 -0.190374 0.894456 41.757115 0.119640 0.980704 0.154612 -0.139040 -0.906632 0.044456 0.419575 166.774630
0.403690 -0.191139 0.894707 41.770388 0.119001 0.980595 0.155795 -0.144208 -0.907123 0.043579 0.418603 166.781685
0.403140 -0.191469 0.894884 41.787047 0.117980 0.980581 0.156656 -0.141319 -0.907501 0.042424 0.417901 166.781907
0.399619 -0.196452 0.895383 41.765787 0.122624 0.979444 0.160166 -0.151193 -0.908443 0.045790 0.415494 166.835037
0.397552 -0.200790 0.895341 41.746639 0.125196 0.978509 0.163851 -0.157661 -0.908999 0.046954 0.414146 166.846704
0.394912 -0.202451 0.896135 41.712835 0.122612 0.978306 0.166981 -0.162844 -0.910500 0.043934 0.411168 166.897278
0.384900 -0.205750 0.899733 41.662852 0.126715 0.977385 0.169300 -0.170449 -0.914219 0.048846 0.402267 167.189926
0.381563 -0.205290 0.901258 41.671665 0.128369 0.977346 0.168275 -0.166323 -0.915386 0.051486 0.399272 167.223426
0.377958 -0.204828 0.902881 41.684468 0.132268 0.977162 0.166311 -0.174748 -0.916326 0.056564 0.396418 167.308296
0.376776 -0.199717 0.904518 41.698152 0.129417 0.978253 0.162089 -0.175851 -0.917219 0.055989 0.394428 167.361611
0.369836 -0.198914 0.907554 41.723521 0.132794 0.978101 0.160261 -0.175665 -0.919558 0.061247 0.388151 167.659759
0.367237 -0.196023 0.909237 41.732215 0.127116 0.978946 0.159709 -0.165168 -0.921400 0.056928 0.384422 167.733519
0.361806 -0.201682 0.910176 41.716307 0.128193 0.977807 0.165710 -0.173423 -0.923397 0.056723 0.379631 167.901889
0.355637 -0.209014 0.910953 41.688346 0.130801 0.976212 0.172922 -0.186716 -0.925426 0.057657 0.374516 168.030463
0.352858 -0.210017 0.911803 41.667415 0.128524 0.976127 0.175096 -0.185623 -0.926808 0.055405 0.371426 168.033278
0.346321 -0.211126 0.914050 41.637164 0.129825 0.975758 0.176190 -0.193435 -0.929090 0.057649 0.365335 168.175852
0.343908 -0.209169 0.915410 41.632110 0.128136 0.976209 0.174922 -0.192920 -0.930219 0.057140 0.362528 168.203630
0.339963 -0.210181 0.916651 41.626570 0.131265 0.975769 0.175054 -0.198083 -0.931233 0.060813 0.359315 168.274426
0.337657 -0.208177 0.917960 42.003889 0.129632 0.976228 0.173708 -0.119687 -0.932300 0.060343 0.356617 168.840611
0.332898 -0.208955 0.919520 42.016498 0.130689 0.975952 0.174465 -0.123238 -0.933863 0.062092 0.352200 169.045741
0.329863 -0.206927 0.921071 42.043871 0.127767 0.976490 0.173620 -0.112869 -0.935343 0.060411 0.348546 169.163296
0.325288 -0.203773 0.923398 42.046025 0.122312 0.977369 0.172596 -0.107693 -0.937671 0.056799 0.342850 169.375481
0.322353 -0.204945 0.924168 42.080375 0.123881 0.977019 0.173456 -0.101599 -0.938479 0.058573 0.340334 169.443315
0.319309 -0.206446 0.924890 42.072750 0.123304 0.976736 0.175449 -0.104886 -0.939595 0.058020 0.337336 169.509537
0.319532 -0.207507 0.924576 42.127101 0.119989 0.976734 0.177745 -0.094944 -0.939948 0.054144 0.336997 169.544333
0.318660 -0.209468 0.924435 42.147518 0.119326 0.976383 0.180106 -0.092031 -0.940328 0.052916 0.336129 169.615000
0.319866 -0.211083 0.923650 42.444173 0.119966 0.976044 0.181511 -0.036075 -0.939837 0.052748 0.337526 169.968167
0.320256 -0.213243 0.923019 42.653655 0.121789 0.975518 0.183115 -0.001000 -0.939470 0.053770 0.338386 170.265852
0.322425 -0.210842 0.922815 42.895202 0.117616 0.976247 0.181955 0.050984 -0.939260 0.049871 0.339565 170.594852
0.320408 -0.207720 0.924225 42.944796 0.112263 0.977113 0.180687 0.064449 -0.940604 0.045862 0.336394 170.856000
0.321064 -0.206791 0.924205 43.201955 0.112114 0.977307 0.179725 0.116645 -0.940398 0.045913 0.336962 171.247630
0.322812 -0.207453 0.923448 43.438988 0.113329 0.977135 0.179897 0.156707 -0.939654 0.046581 0.338942 171.536611
0.320044 -0.207898 0.924311 43.455879 0.109780 0.977192 0.181780 0.159914 -0.941021 0.043293 0.335567 171.756241
0.317735 -0.209598 0.924723 43.493117 0.107861 0.976921 0.184368 0.158784 -0.942025 0.041161 0.333010 171.874500
0.316910 -0.210296 0.924848 43.724102 0.107786 0.976778 0.185170 0.197980 -0.942311 0.041003 0.332218 172.276037
0.317075 -0.210497 0.924746 43.882295 0.107626 0.976746 0.185431 0.229297 -0.942274 0.040731 0.332357 172.508352
0.317894 -0.210460 0.924473 44.154877 0.108553 0.976720 0.185027 0.286263 -0.941892 0.041535 0.333339 172.855667
0.319185 -0.211949 0.923687 44.351890 0.111102 0.976318 0.185633 0.315555 -0.941157 0.043372 0.335174 173.039722
0.318737 -0.212696 0.923670 44.588729 0.113440 0.976053 0.185613 0.357055 -0.941030 0.045619 0.335232 173.400907
0.319596 -0.211976 0.923539 44.797466 0.112661 0.976243 0.185086 0.399809 -0.940832 0.044894 0.335885 173.687167
0.320668 -0.211821 0.923203 44.998281 0.112644 0.976285 0.184874 0.435209 -0.940470 0.044710 0.336923 173.956463
0.321713 -0.210812 0.923070 45.198259 0.110970 0.976575 0.184355 0.472480 -0.940312 0.043124 0.337571 174.217870
0.322624 -0.210625 0.922795 45.411181 0.110850 0.976626 0.184157 0.516069 -0.940014 0.042878 0.338431 174.496111
0.323431 -0.210619 0.922514 45.615409 0.111098 0.976623 0.184022 0.553810 -0.939707 0.042971 0.339269 174.761593
0.323445 -0.210470 0.922543 45.806110 0.108958 0.976749 0.184636 0.588168 -0.939953 0.040799 0.338857 175.077426
0.323560 -0.212072 0.922136 45.986092 0.108374 0.976452 0.186537 0.616887 -0.939981 0.039580 0.338925 175.303944
0.323354 -0.212308 0.922154 46.157845 0.107962 0.976420 0.186945 0.652582 -0.940099 0.039108 0.338651 175.565963
0.323656 -0.213055 0.921875 46.344895 0.108854 0.976233 0.187401 0.689493 -0.939893 0.039696 0.339156 175.795611
0.323027 -0.212862 0.922141 46.541984 0.110381 0.976201 0.186674 0.718903 -0.939931 0.041486 0.338835 176.143185
0.323853 -0.209182 0.922693 46.734052 0.108444 0.977031 0.183439 0.759657 -0.939872 0.040653 0.339099 176.386537
0.323277 -0.206311 0.923541 46.921739 0.108225 0.977602 0.180504 0.794224 -0.940096 0.041597 0.338364 176.672333
0.322948 -0.204284 0.924106 47.082557 0.107591 0.978021 0.178602 0.824680 -0.940281 0.041746 0.337829 176.954333
0.323543 -0.203663 0.924035 47.270158 0.109798 0.978045 0.177123 0.863742 -0.939822 0.044150 0.338801 177.168796
0.323548 -0.204010 0.923957 47.415834 0.110224 0.977958 0.177336 0.888825 -0.939770 0.044465 0.338903 177.327889
0.322135 -0.205248 0.924176 47.558918 0.109269 0.977751 0.179059 0.912018 -0.940366 0.043303 0.337396 177.545370
0.319854 -0.205916 0.924820 47.702914 0.107374 0.977687 0.180551 0.939057 -0.941363 0.041551 0.334828 177.797074
0.318775 -0.206931 0.924966 47.878004 0.106749 0.977506 0.181896 0.965071 -0.941800 0.040755 0.333695 178.027056
0.317847 -0.207516 0.925154 48.030262 0.105892 0.977420 0.182859 0.994599 -0.942210 0.039845 0.332644 178.180056
0.314662 -0.208099 0.926111 48.182618 0.107767 0.977196 0.182962 1.031064 -0.943066 0.042233 0.329913 178.502778
0.314949 -0.209147 0.925778 48.305522 0.107008 0.977024 0.184321 1.046883 -0.943057 0.041014 0.330093 178.527148
0.312863 -0.209882 0.926319 48.420412 0.106956 0.976861 0.185209 1.069540 -0.943757 0.041130 0.328072 178.706852
0.313964 -0.210428 0.925822 48.592580 0.106141 0.976796 0.186019 1.095350 -0.943483 0.039865 0.329014 178.822574
0.311612 -0.211224 0.926436 48.718778 0.107721 0.976548 0.186416 1.124482 -0.944084 0.041707 0.327057 179.020315
0.310733 -0.211421 0.926686 48.848486 0.106218 0.976565 0.187184 1.145813 -0.944544 0.040267 0.325908 179.182037
0.309706 -0.211311 0.927054 48.964030 0.104412 0.976654 0.187735 1.166640 -0.945082 0.038653 0.324539 179.340056
0.308027 -0.217816 0.926108 49.071517 0.110487 0.975042 0.192577 1.164299 -0.944940 0.043004 0.324405 179.501926
0.306438 -0.217573 0.926692 49.186375 0.110894 0.975059 0.192258 1.188949 -0.945409 0.043850 0.322923 179.647944
0.304971 -0.217132 0.927279 49.290779 0.110893 0.975136 0.191867 1.207664 -0.945884 0.044315 0.321466 179.767222
0.303731 -0.216523 0.927828 49.405194 0.111591 0.975216 0.191051 1.227805 -0.946200 0.045509 0.320366 179.906315
0.302140 -0.215667 0.928547 49.496902 0.110311 0.975438 0.190664 1.247907 -0.946859 0.044822 0.318509 180.047556
0.301748 -0.215993 0.928599 49.610200 0.110771 0.975345 0.190871 1.271747 -0.946931 0.045267 0.318234 180.191056
0.300319 -0.216045 0.929049 49.705175 0.108510 0.975426 0.191753 1.284624 -0.947646 0.043224 0.316382 180.407667
0.302878 -0.218848 0.927562 49.844414 0.111068 0.974751 0.193714 1.302964 -0.946535 0.044351 0.319538 180.580685
0.305793 -0.219367 0.926482 49.948331 0.111177 0.974665 0.194080 1.324862 -0.945585 0.043655 0.322434 180.631889
0.308813 -0.218928 0.925584 50.048339 0.110328 0.974824 0.193765 1.346540 -0.944702 0.042281 0.325192 180.707963
0.310793 -0.219382 0.924813 50.141014 0.111171 0.974710 0.193859 1.363497 -0.943954 0.042563 0.327322 180.824574
0.313589 -0.219865 0.923754 50.261942 0.113348 0.974536 0.193473 1.385860 -0.942769 0.044035 0.330525 181.046833
0.316750 -0.220240 0.922585 50.371610 0.116724 0.974327 0.192517 1.409712 -0.941300 0.046708 0.334325 181.289315
0.323658 -0.219706 0.920312 50.467601 0.116688 0.974510 0.191608 1.421356 -0.938951 0.045374 0.341046 181.458111
0.332399 -0.218481 0.917484 50.563229 0.116575 0.974857 0.189908 1.441585 -0.935907 0.043830 0.349510 181.615648
0.343666 -0.219666 0.913040 50.682429 0.122913 0.974415 0.188168 1.465930 -0.931014 0.047557 0.361873 181.754870
0.354162 -0.219865 0.908971 50.799215 0.125488 0.974353 0.186786 1.485032 -0.926727 0.047912 0.372669 181.953130
0.371133 -0.222186 0.901606 51.005030 0.134011 0.973603 0.184765 1.524077 -0.918859 0.052253 0.391111 182.271889
0.367492 -0.219654 0.903715 50.924441 0.131058 0.974244 0.183502 1.499625 -0.920746 0.051004 0.386815 182.953759
0.385061 -0.218093 0.896752 51.033348 0.130895 0.974760 0.180859 1.515131 -0.913561 0.047739 0.403890 183.163130
0.403583 -0.216754 0.888897 51.152056 0.135439 0.974983 0.176253 1.536429 -0.904863 0.049258 0.422844 183.393852
0.420634 -0.214131 0.881598 51.253749 0.139414 0.975461 0.170411 1.558423 -0.896455 0.051226 0.440165 183.670204
0.439436 -0.210983 0.873145 51.371620 0.143915 0.976005 0.163408 1.590649 -0.886671 0.053851 0.459255 183.910611
0.458520 -0.209307 0.863684 51.469695 0.143863 0.976532 0.160279 1.598809 -0.876962 0.050761 0.477871 184.178611
0.473231 -0.204681 0.856830 51.578305 0.142990 0.977582 0.154553 1.619123 -0.869256 0.049379 0.491890 184.457093
0.480309 -0.199919 0.854012 51.662205 0.137417 0.978805 0.151847 1.632297 -0.866268 0.044422 0.497601 184.659370
0.482161 -0.198009 0.853412 51.766673 0.134769 0.979293 0.151074 1.650975 -0.865654 0.042172 0.498863 184.826759
0.480738 -0.196648 0.854529 51.872189 0.133339 0.979590 0.150414 1.673572 -0.866667 0.041633 0.497147 184.995704
0.474674 -0.196261 0.858001 51.978181 0.131655 0.979688 0.151260 1.692327 -0.870260 0.041161 0.490871 185.166556
0.461570 -0.196978 0.864958 52.097278 0.133339 0.979364 0.151878 1.716937 -0.877026 0.045230 0.478310 185.373889
0.446072 -0.197562 0.872920 52.200018 0.132352 0.979170 0.153975 1.734274 -0.885157 0.046849 0.462928 185.540741
0.427973 -0.199584 0.881479 52.281904 0.132226 0.978645 0.157387 1.745302 -0.894067 0.049198 0.445224 185.652593
0.406983 -0.200312 0.891201 52.382581 0.130249 0.978415 0.160435 1.763558 -0.904102 0.050784 0.424289 185.805556
0.386622 -0.200992 0.900070 52.486774 0.127412 0.978244 0.163720 1.782706 -0.913395 0.051382 0.403819 185.943704
0.368027 -0.201497 0.907720 52.595968 0.122002 0.978261 0.167691 1.799807 -0.921776 0.049029 0.384609 186.041667
0.349137 -0.202689 0.914888 52.704097 0.117729 0.978079 0.171762 1.817351 -0.929647 0.047740 0.365345 186.137778
0.331927 -0.204161 0.920947 52.812805 0.117213 0.977658 0.174487 1.837518 -0.935994 0.050030 0.348442 186.194815
0.313177 -0.204323 0.927455 52.923148 0.120149 0.977259 0.174724 1.863923 -0.942064 0.056714 0.330604 186.315926
0.298938 -0.205289 0.931930 53.045815 0.121602 0.976820 0.176171 1.890109 -0.946493 0.060660 0.316972 186.385926
0.289193 -0.207030 0.934616 53.137555 0.120092 0.976466 0.179141 1.899994 -0.949708 0.060434 0.307250 186.375370
0.277355 -0.208097 0.937961 53.259525 0.118625 0.976209 0.181505 1.917935 -0.953416 0.060925 0.295441 186.582222
0.268019 -0.212123 0.939771 53.348479 0.119229 0.975264 0.186131 1.928928 -0.956008 0.062161 0.286680 186.661296
0.258893 -0.212619 0.942214 53.449664 0.118727 0.975080 0.187413 1.950469 -0.958582 0.063347 0.277684 186.812222
0.256499 -0.211866 0.943038 53.543776 0.121296 0.975023 0.186060 1.974184 -0.958903 0.066662 0.275791 186.893333
0.257246 -0.211957 0.942814 53.630132 0.123536 0.974857 0.185454 1.989289 -0.958417 0.068764 0.276963 187.018889
0.261959 -0.213593 0.941146 53.715231 0.122609 0.974664 0.187073 1.996533 -0.957259 0.066388 0.281510 187.149444
0.271121 -0.215741 0.938056 53.796220 0.127077 0.974050 0.187291 2.008220 -0.954120 0.068427 0.291501 187.230556
0.283193 -0.216092 0.934401 53.885234 0.130948 0.973874 0.185534 2.027290 -0.950081 0.069816 0.304092 187.326852
0.295677 -0.214164 0.930972 53.953031 0.129571 0.974531 0.183033 2.038551 -0.946460 0.066508 0.315896 187.481296
0.312109 -0.212066 0.926076 54.015876 0.127639 0.975291 0.180318 2.047983 -0.941433 0.061924 0.331465 187.543519
0.328770 -0.210785 0.920587 54.085968 0.127755 0.975741 0.177788 2.065715 -0.935729 0.059158 0.347724 187.593333
0.343821 -0.212451 0.914687 54.140130 0.128469 0.975554 0.178299 2.074969 -0.930206 0.056206 0.362709 187.682593
0.359551 -0.214585 0.908117 54.175500 0.132376 0.975086 0.177998 2.077017 -0.923688 0.056213 0.378999 187.727963
0.370187 -0.216173 0.903455 54.252126 0.145824 0.974013 0.173304 2.087748 -0.917440 0.067591 0.392090 187.850741
0.385214 -0.211160 0.898344 54.320274 0.149283 0.974906 0.165144 2.108445 -0.910673 0.070492 0.407070 187.954630
0.399045 -0.208835 0.892833 54.364446 0.150986 0.975392 0.160663 2.114961 -0.904415 0.070694 0.420757 188.088704
0.415182 -0.206455 0.886002 54.399816 0.148156 0.976252 0.158059 2.124861 -0.897593 0.065644 0.435910 188.180000
0.430169 -0.204699 0.879235 54.433566 0.144805 0.976987 0.156611 2.136960 -0.891059 0.059948 0.449911 188.286481
0.443600 -0.205954 0.872240 54.466452 0.146739 0.976794 0.156013 2.140977 -0.884131 0.058784 0.463527 188.371296
0.455496 -0.206321 0.866000 54.501498 0.148834 0.976731 0.154419 2.148370 -0.877708 0.058553 0.475605 188.453519
0.468256 -0.207657 0.858845 54.536598 0.150920 0.976505 0.153821 2.149851 -0.870609 0.057589 0.488594 188.523519
0.480505 -0.208240 0.851910 54.569916 0.153338 0.976386 0.152179 2.152542 -0.863483 0.057507 0.501090 188.590370
0.491845 -0.208266 0.845408 54.652806 0.155329 0.976383 0.150164 2.174645 -0.856716 0.057459 0.512579 188.657037
0.500980 -0.211760 0.839152 54.688770 0.160392 0.975525 0.150419 2.178884 -0.850467 0.059236 0.522683 188.730185
0.509354 -0.212113 0.834007 54.712908 0.159301 0.975638 0.150844 2.176418 -0.845684 0.056025 0.530734 188.788148
0.518805 -0.209987 0.828702 54.740610 0.156195 0.976330 0.149610 2.173906 -0.840502 0.051820 0.539324 188.852593
0.529713 -0.203889 0.823307 54.753786 0.149920 0.977901 0.145716 2.172601 -0.834822 0.046243 0.548574 188.912778
0.538175 -0.198870 0.819035 54.768258 0.144009 0.979171 0.143126 2.173082 -0.830439 0.040922 0.555604 188.979259
0.542782 -0.199232 0.815901 54.780192 0.145574 0.979070 0.142231 2.174841 -0.827161 0.041574 0.560425 189.029815
0.547461 -0.203377 0.811741 54.793368 0.151723 0.978065 0.142722 2.179124 -0.822962 0.045025 0.566310 189.065370
0.553737 -0.206096 0.806784 54.817398 0.154442 0.977495 0.143704 2.189258 -0.818244 0.045027 0.573105 189.068333
0.554999 -0.221101 0.801929 54.838404 0.173598 0.973589 0.148285 2.165621 -0.813535 0.056915 0.578724 189.099444
0.560650 -0.220769 0.798081 54.859140 0.171043 0.973894 0.149246 2.163036 -0.810195 0.052832 0.583775 189.159630
0.566231 -0.219160 0.794576 54.869670 0.169784 0.974342 0.147751 2.159962 -0.806570 0.051245 0.588913 189.202037
