1.000000 0.000000 0.000000 0.000000 0.000000 1.000000 0.000000 0.000000 0.000000 0.000000 1.000000 0.000000
0.999993 0.003075 -0.001914 -0.026962 -0.003069 0.999990 0.003315 0.027053 0.001924 -0.003309 0.999993 -0.038907
0.999998 0.001863 -0.000542 -0.032579 -0.001864 0.999998 -0.000679 0.000348 0.000541 0.000680 1.000000 0.328133
0.999999 0.000610 0.001078 -0.090800 -0.000608 0.999999 -0.001428 -0.004932 -0.001079 0.001427 0.999998 0.802005
0.999998 -0.001021 0.001783 -0.118110 0.001016 0.999996 0.002783 -0.021133 -0.001786 -0.002781 0.999995 1.176063
0.999992 -0.003398 0.001925 -0.125026 0.003382 0.999958 0.008518 -0.034103 -0.001954 -0.008512 0.999962 1.594242
0.999984 -0.005729 0.000149 -0.116989 0.005727 0.999953 0.007812 -0.041938 -0.000193 -0.007811 0.999969 1.959951
0.999982 -0.006043 0.000560 -0.140230 0.006040 0.999968 0.005264 -0.054194 -0.000592 -0.005261 0.999986 2.412514
0.999978 -0.006588 -0.000153 -0.126946 0.006588 0.999976 0.001986 -0.071545 0.000140 -0.001987 0.999998 2.766750
0.999984 -0.005472 -0.001231 -0.104924 0.005473 0.999984 0.001235 -0.083286 0.001225 -0.001242 0.999999 3.163886
0.999988 -0.004468 -0.001907 -0.124260 0.004473 0.999986 0.002957 -0.100683 0.001894 -0.002965 0.999994 3.520277
0.999984 -0.004686 -0.003109 -0.123672 0.004703 0.999975 0.005289 -0.106789 0.003084 -0.005304 0.999981 3.892058
0.999982 -0.004114 -0.004413 -0.130557 0.004145 0.999967 0.006928 -0.121668 0.004384 -0.006946 0.999966 4.264952
0.999975 -0.005011 -0.005051 -0.144190 0.005049 0.999958 0.007605 -0.128698 0.005012 -0.007630 0.999958 4.657208
0.999967 -0.005027 -0.006395 -0.141018 0.005073 0.999961 0.007184 -0.134803 0.006358 -0.007216 0.999954 5.026074
0.999941 -0.007050 -0.008219 -0.146918 0.007102 0.999955 0.006247 -0.153858 0.008174 -0.006305 0.999947 5.415061
0.999917 -0.007542 -0.010413 -0.149263 0.007586 0.999962 0.004178 -0.162003 0.010381 -0.004257 0.999937 5.786208
0.999887 -0.009060 -0.011987 -0.155295 0.009096 0.999954 0.003027 -0.175264 0.011959 -0.003136 0.999924 6.156972
0.999864 -0.008361 -0.014227 -0.163713 0.008387 0.999963 0.001789 -0.184040 0.014211 -0.001908 0.999897 6.504494
0.999836 -0.006242 -0.017002 -0.146254 0.006258 0.999980 0.000921 -0.199104 0.016996 -0.001027 0.999855 6.857557
0.999818 -0.003766 -0.018683 -0.173521 0.003778 0.999993 0.000598 -0.208694 0.018680 -0.000669 0.999825 7.205171
0.999780 -0.004810 -0.020410 -0.186800 0.004845 0.999987 0.001644 -0.223257 0.020402 -0.001743 0.999790 7.560621
0.999739 -0.004360 -0.022445 -0.208355 0.004420 0.999987 0.002638 -0.238445 0.022433 -0.002737 0.999745 7.878109
0.999686 -0.004879 -0.024597 -0.250507 0.004961 0.999982 0.003282 -0.255274 0.024580 -0.003403 0.999692 8.246696
0.999647 -0.005032 -0.026097 -0.284041 0.005105 0.999983 0.002730 -0.263391 0.026083 -0.002862 0.999656 8.595769
0.999595 -0.005508 -0.027900 -0.319303 0.005578 0.999981 0.002419 -0.278246 0.027886 -0.002574 0.999608 8.942800
0.999557 -0.005698 -0.029218 -0.354280 0.005775 0.999980 0.002562 -0.292453 0.029202 -0.002730 0.999570 9.272567
0.999538 -0.003682 -0.030170 -0.390321 0.003818 0.999983 0.004463 -0.300455 0.030153 -0.004576 0.999535 9.611444
0.999500 -0.005726 -0.031108 -0.438159 0.005950 0.999957 0.007112 -0.313024 0.031065 -0.007294 0.999491 9.934040
0.999437 -0.007077 -0.032791 -0.450784 0.007373 0.999933 0.008924 -0.331703 0.032725 -0.009161 0.999422 10.255237
0.999412 -0.006525 -0.033667 -0.476592 0.006789 0.999947 0.007737 -0.336437 0.033615 -0.007961 0.999403 10.586279
0.999374 -0.006025 -0.034870 -0.496419 0.006216 0.999966 0.005386 -0.355487 0.034837 -0.005599 0.999377 10.914534
0.999336 -0.004271 -0.036194 -0.532350 0.004402 0.999984 0.003535 -0.365259 0.036179 -0.003692 0.999339 11.250484
0.999292 -0.003776 -0.037428 -0.567065 0.003896 0.999988 0.003132 -0.376855 0.037416 -0.003276 0.999294 11.554888
0.999208 -0.005334 -0.039427 -0.591379 0.005447 0.999981 0.002745 -0.397607 0.039412 -0.002958 0.999219 11.866397
0.999112 -0.005160 -0.041821 -0.627639 0.005248 0.999984 0.001993 -0.417662 0.041810 -0.002211 0.999123 12.170952
0.999035 -0.002793 -0.043826 -0.656337 0.002878 0.999994 0.001857 -0.413790 0.043821 -0.001981 0.999037 12.480059
0.998941 -0.003472 -0.045878 -0.724690 0.003609 0.999989 0.002895 -0.425057 0.045868 -0.003057 0.998943 12.810949
0.998839 -0.003337 -0.048047 -0.787276 0.003590 0.999980 0.005166 -0.441942 0.048028 -0.005332 0.998832 13.124516
0.998730 -0.002335 -0.050329 -0.841806 0.002656 0.999977 0.006326 -0.446901 0.050313 -0.006451 0.998713 13.397281
0.998638 -0.001985 -0.052132 -0.886666 0.002335 0.999975 0.006657 -0.459525 0.052118 -0.006770 0.998618 13.690156
0.998517 0.001144 -0.054423 -0.918743 -0.000847 0.999985 0.005481 -0.464713 0.054429 -0.005426 0.998503 13.926152
0.998424 0.002733 -0.056060 -0.975434 -0.002452 0.999984 0.005080 -0.475119 0.056073 -0.004934 0.998414 14.182144
0.998269 0.004281 -0.058654 -0.994462 -0.003910 0.999972 0.006429 -0.483060 0.058680 -0.006188 0.998258 14.438531
0.998205 0.006517 -0.059543 -1.056755 -0.006050 0.999950 0.008032 -0.487369 0.059592 -0.007657 0.998193 14.687471
0.998149 0.008652 -0.060205 -1.122881 -0.008161 0.999931 0.008397 -0.498388 0.060274 -0.007890 0.998151 14.955791
0.998147 0.012230 -0.059598 -1.188341 -0.011845 0.999907 0.006804 -0.513586 0.059675 -0.006085 0.998199 15.225025
0.998120 0.014567 -0.059539 -1.203331 -0.014351 0.999889 0.004046 -0.523954 0.059592 -0.003183 0.998218 15.504977
0.998200 0.015040 -0.058064 -1.206356 -0.014951 0.999886 0.001964 -0.528606 0.058087 -0.001092 0.998311 15.675563
0.998310 0.018839 -0.054982 -1.248693 -0.018707 0.999821 0.002911 -0.531444 0.055027 -0.001877 0.998483 15.946000
0.998315 0.023894 -0.052885 -1.205350 -0.023658 0.999707 0.005074 -0.541636 0.052991 -0.003814 0.998588 16.061328
0.998332 0.029064 -0.049886 -1.237212 -0.028667 0.999552 0.008655 -0.552405 0.050115 -0.007210 0.998717 16.291789
0.998354 0.033615 -0.046474 -1.267662 -0.033158 0.999394 0.010569 -0.567153 0.046801 -0.009011 0.998864 16.522353
0.998394 0.037700 -0.042283 -1.261828 -0.037284 0.999249 0.010581 -0.572970 0.042650 -0.008987 0.999050 16.747187
0.998436 0.041827 -0.037103 -1.283321 -0.041388 0.999065 0.012509 -0.573381 0.037591 -0.010953 0.999233 16.928541
0.998444 0.046688 -0.030477 -1.328507 -0.046298 0.998838 0.013384 -0.576684 0.031067 -0.011953 0.999446 17.131192
0.998403 0.051269 -0.023721 -1.334131 -0.050968 0.998614 0.013132 -0.582603 0.024361 -0.011902 0.999632 17.343034
0.998358 0.054809 -0.016678 -1.350892 -0.054594 0.998423 0.013079 -0.589709 0.017369 -0.012147 0.999775 17.543806
0.998135 0.060102 -0.010730 -1.281561 -0.059966 0.998122 0.012530 -0.591486 0.011463 -0.011863 0.999864 17.612332
0.997949 0.063848 -0.004705 -1.240117 -0.063798 0.997912 0.010113 -0.597508 0.005341 -0.009792 0.999938 17.706670
0.997887 0.064958 0.001412 -1.172365 -0.064968 0.997856 0.007879 -0.611940 -0.000897 -0.007955 0.999968 17.779397
0.997839 0.065247 0.007752 -1.108876 -0.065306 0.997837 0.007528 -0.615762 -0.007244 -0.008018 0.999942 17.829628
0.997848 0.063962 0.014457 -1.062247 -0.064104 0.997897 0.009574 -0.627785 -0.013814 -0.010480 0.999850 17.918086
0.997577 0.065858 0.022405 -1.042942 -0.066099 0.997761 0.010188 -0.627541 -0.021684 -0.011644 0.999697 17.945950
0.997141 0.069005 0.030790 -1.032481 -0.069363 0.997534 0.010706 -0.633067 -0.029975 -0.012811 0.999469 18.034742
0.996563 0.072928 0.039304 -1.038004 -0.073396 0.997247 0.010600 -0.639935 -0.038423 -0.013449 0.999171 18.133934
0.996205 0.073184 0.047124 -1.013787 -0.073809 0.997204 0.011653 -0.676266 -0.046139 -0.015087 0.998821 18.183334
0.995943 0.071071 0.055189 -0.974328 -0.071885 0.997329 0.012912 -0.700206 -0.054124 -0.016826 0.998393 18.242404
0.995423 0.069450 0.065649 -0.940851 -0.070372 0.997451 0.011830 -0.724395 -0.064660 -0.016395 0.997773 18.310952
0.994805 0.066499 0.077080 -0.919756 -0.067272 0.997707 0.007472 -0.739471 -0.076406 -0.012618 0.996997 18.359212
0.994193 0.062426 0.087658 -0.847216 -0.063199 0.997982 0.006069 -0.775701 -0.087103 -0.011573 0.996132 18.471283
0.992546 0.064548 0.103373 -0.829144 -0.065261 0.997862 0.003522 -0.781458 -0.102925 -0.010242 0.994636 18.530678
0.990664 0.065580 0.119515 -0.788907 -0.066319 0.997796 0.002211 -0.786895 -0.119107 -0.010117 0.992830 18.598594
0.988747 0.060987 0.136599 -0.781214 -0.061872 0.998082 0.002238 -0.802970 -0.136201 -0.010665 0.990624 18.684016
0.986227 0.060861 0.153793 -0.682740 -0.061800 0.998088 0.001327 -0.810466 -0.153418 -0.010814 0.988102 18.744971
0.982955 0.060993 0.173433 -0.627455 -0.062179 0.998064 0.001409 -0.824132 -0.173012 -0.012169 0.984845 18.829298
0.979167 0.061402 0.193551 -0.556519 -0.062647 0.998036 0.000313 -0.828707 -0.193152 -0.012431 0.981090 18.895988
0.975251 0.063447 0.211802 -0.360392 -0.064550 0.997913 -0.001711 -0.839315 -0.211468 -0.012003 0.977311 18.946861
0.970213 0.064136 0.233607 -0.249636 -0.065144 0.997870 -0.003409 -0.845685 -0.233328 -0.011910 0.972325 19.011251
0.964287 0.064697 0.256836 -0.102257 -0.065884 0.997819 -0.003992 -0.853648 -0.256534 -0.013071 0.966447 19.057610
0.957399 0.066679 0.280966 0.062315 -0.068026 0.997671 -0.004965 -0.858746 -0.280643 -0.014359 0.959705 19.080754
0.949423 0.068005 0.306549 0.223111 -0.069484 0.997564 -0.006100 -0.855306 -0.306217 -0.015509 0.951835 19.105232
0.941076 0.068225 0.331242 0.524148 -0.069806 0.997535 -0.007136 -0.864110 -0.330913 -0.016407 0.943519 19.085468
0.930374 0.065085 0.360789 0.660182 -0.066250 0.997761 -0.009152 -0.866598 -0.360576 -0.015387 0.932603 19.097213
0.918110 0.059554 0.391826 0.862078 -0.060021 0.998136 -0.011071 -0.881666 -0.391755 -0.013353 0.919973 19.123727
0.902795 0.057338 0.426232 1.024675 -0.056347 0.998299 -0.014946 -0.890184 -0.426364 -0.010524 0.904490 19.187750
0.886138 0.058369 0.459730 1.258165 -0.055370 0.998265 -0.020016 -0.887966 -0.460101 -0.007718 0.887833 19.247890
0.872031 0.057474 0.486064 1.720771 -0.052838 0.998332 -0.023251 -0.906934 -0.486590 -0.005407 0.873614 19.148594
0.855781 0.059837 0.513867 2.171663 -0.054313 0.998191 -0.025782 -0.912830 -0.514480 -0.005846 0.857483 19.034654
0.835243 0.061116 0.546474 2.383006 -0.055056 0.998105 -0.027477 -0.924021 -0.547118 -0.007137 0.837025 18.965059
0.820545 0.064292 0.567954 3.182331 -0.058397 0.997884 -0.028591 -0.960003 -0.568590 -0.009707 0.822563 18.837052
0.795579 0.063939 0.602466 3.609970 -0.057371 0.997898 -0.030145 -0.989628 -0.603127 -0.010581 0.797575 18.876299
0.780979 0.060193 0.621650 4.926298 -0.054270 0.998120 -0.028466 -1.067190 -0.622195 -0.011506 0.782778 18.626620
0.751124 0.057654 0.657639 5.476980 -0.050833 0.998273 -0.029457 -1.089104 -0.658201 -0.011304 0.752757 18.672698
0.720091 0.053283 0.691831 6.236657 -0.045561 0.998526 -0.029482 -1.159144 -0.692382 -0.010291 0.721457 18.734171
0.684687 0.048614 0.727214 6.800694 -0.039662 0.998780 -0.029425 -1.232798 -0.727757 -0.008695 0.685779 18.753012
0.647210 0.041491 0.761182 7.500435 -0.033779 0.999098 -0.025738 -1.353023 -0.761563 -0.009054 0.648028 18.801752
0.604731 0.039862 0.795431 7.983698 -0.033407 0.999137 -0.024672 -1.362855 -0.795729 -0.011653 0.605541 18.872341
0.560816 0.035384 0.827184 8.645872 -0.033117 0.999246 -0.020291 -1.422441 -0.827278 -0.016014 0.561565 18.982064
0.515760 0.036039 0.855975 9.294287 -0.038860 0.999071 -0.018648 -1.434276 -0.855851 -0.023646 0.516681 19.067470
0.471546 0.036108 0.881102 9.943307 -0.038706 0.999046 -0.020226 -1.452654 -0.880992 -0.024567 0.472494 19.128420
0.428295 0.030402 0.903127 10.716211 -0.029126 0.999379 -0.019830 -1.483358 -0.903169 -0.017811 0.428915 19.207319
0.386968 0.021463 0.921844 11.632304 -0.014665 0.999746 -0.017121 -1.518691 -0.921977 -0.006893 0.387184 19.307203
0.346448 0.017980 0.937897 12.395059 -0.006331 0.999838 -0.016828 -1.567920 -0.938048 -0.000108 0.346505 19.367689
0.310169 0.019693 0.950477 13.092985 -0.004024 0.999804 -0.019402 -1.557948 -0.950673 0.002193 0.310188 19.420830
0.277728 0.018038 0.960490 13.819735 0.003732 0.999796 -0.019856 -1.588748 -0.960653 0.009099 0.277604 19.479388
0.249298 0.015753 0.968299 14.503339 0.008471 0.999794 -0.018447 -1.607057 -0.968390 0.012801 0.249113 19.519007
0.224964 0.012703 0.974284 15.104822 0.015711 0.999738 -0.016663 -1.623579 -0.974240 0.019056 0.224706 19.544107
0.205553 0.010195 0.978593 15.936643 0.020195 0.999689 -0.014657 -1.647122 -0.978437 0.022776 0.205283 19.584099
0.190571 0.011287 0.981609 16.522709 0.022152 0.999630 -0.015795 -1.651452 -0.981424 0.024755 0.190251 19.600925
0.177894 0.010795 0.983990 16.653615 0.020800 0.999675 -0.014727 -1.648696 -0.983830 0.023087 0.177612 19.603577
0.167628 0.012149 0.985776 16.676324 0.021310 0.999646 -0.015944 -1.645744 -0.985620 0.023680 0.167309 19.582862
0.159044 0.013424 0.987180 16.816678 0.023697 0.999568 -0.017410 -1.660480 -0.986987 0.026162 0.158657 19.563277
0.153339 0.013226 0.988085 16.903985 0.029688 0.999397 -0.017985 -1.668254 -0.987728 0.032092 0.152854 19.544603
0.149979 0.012385 0.988612 16.979057 0.032660 0.999314 -0.017474 -1.660114 -0.988150 0.034909 0.149472 19.529197
0.147386 0.009808 0.989031 17.086281 0.028394 0.999497 -0.014143 -1.656417 -0.988671 0.030167 0.147033 19.513084
0.146739 0.002901 0.989171 17.141963 0.026762 0.999618 -0.006902 -1.644415 -0.988813 0.027485 0.146606 19.487795
0.147990 -0.003655 0.988982 17.173343 0.029002 0.999579 -0.000646 -1.631376 -0.988564 0.028778 0.148034 19.415155
0.148241 -0.007661 0.988922 17.268546 0.030714 0.999523 0.003139 -1.632090 -0.988474 0.029908 0.148406 19.376167
0.148765 -0.006666 0.988850 17.371802 0.031031 0.999516 0.002070 -1.640995 -0.988386 0.030377 0.148900 19.340213
0.150439 0.000172 0.988619 17.569291 0.031591 0.999489 -0.004982 -1.638674 -0.988115 0.031981 0.150357 19.314423
0.152629 0.007465 0.988255 18.566019 0.032772 0.999383 -0.012610 -1.634243 -0.987740 0.034312 0.152290 19.364854
0.156826 0.006026 0.987608 18.943204 0.033607 0.999370 -0.011434 -1.657070 -0.987054 0.034984 0.156525 19.346018
0.161088 0.000050 0.986940 19.109389 0.035768 0.999343 -0.005889 -1.681313 -0.986292 0.036249 0.160981 19.321951
0.165423 -0.002844 0.986219 19.375574 0.034260 0.999409 -0.002865 -1.619389 -0.985627 0.034262 0.165423 19.289453
0.169249 -0.004684 0.985562 19.525778 0.033101 0.999452 -0.000934 -1.628663 -0.985017 0.032782 0.169311 19.278308
0.172675 -0.002076 0.984977 19.719667 0.040308 0.999175 -0.004961 -1.657541 -0.984154 0.040559 0.172616 19.273723
0.175125 -0.001898 0.984545 20.747537 0.041177 0.999137 -0.005398 -1.731657 -0.983685 0.041486 0.175052 19.331152
0.180714 0.003213 0.983530 21.221833 0.037442 0.999247 -0.010144 -1.680081 -0.982823 0.038659 0.180457 19.332832
0.183560 0.000103 0.983008 22.254130 0.034016 0.999400 -0.006457 -1.693090 -0.982420 0.034624 0.183447 19.405030
0.187274 -0.003283 0.982302 22.507556 0.037457 0.999291 -0.003801 -1.691711 -0.981593 0.037506 0.187264 19.413259
0.190915 -0.005768 0.981590 22.756167 0.041438 0.999139 -0.002188 -1.747186 -0.980732 0.041093 0.190990 19.431041
0.193463 0.000176 0.981108 23.791741 0.039193 0.999200 -0.007908 -1.716884 -0.980324 0.039983 0.193301 19.482163
0.198534 0.002575 0.980091 24.042296 0.037510 0.999244 -0.010224 -1.730648 -0.979376 0.038793 0.198287 19.523079
0.201891 0.000734 0.979408 25.329185 0.035739 0.999328 -0.008117 -1.771458 -0.978756 0.036642 0.201730 19.607805
0.205006 0.000416 0.978761 26.485981 0.036104 0.999316 -0.007987 -1.748990 -0.978094 0.036975 0.204851 19.685533
0.207962 -0.001955 0.978135 27.113500 0.039727 0.999190 -0.006449 -1.795844 -0.977330 0.040200 0.207871 19.742783
0.211824 -0.004031 0.977299 28.054352 0.049181 0.998768 -0.006540 -1.840531 -0.976070 0.049450 0.211762 19.787031
0.211145 0.001424 0.977454 28.247111 0.037822 0.999238 -0.009626 -1.784840 -0.976723 0.039001 0.210930 19.822811
0.214104 -0.002440 0.976808 29.214852 0.038808 0.999229 -0.006010 -1.827406 -0.976040 0.039195 0.214033 19.889248
0.216406 -0.001345 0.976303 30.172389 0.039231 0.999203 -0.007319 -1.800980 -0.975515 0.039885 0.216286 19.969940
0.218361 -0.001468 0.975867 30.308056 0.038567 0.999231 -0.007127 -1.805587 -0.975106 0.039193 0.218250 19.986340
0.221046 -0.002004 0.975261 30.455519 0.037979 0.999257 -0.006555 -1.829841 -0.974524 0.038489 0.220958 20.008042
0.221992 0.000720 0.975048 30.640222 0.034612 0.999364 -0.008618 -1.779867 -0.974434 0.035662 0.221826 20.013302
0.221292 0.002944 0.975203 30.808130 0.032374 0.999422 -0.010363 -1.737114 -0.974670 0.033864 0.221069 20.062647
0.222987 0.003403 0.974815 31.031981 0.030657 0.999475 -0.010502 -1.732116 -0.974339 0.032227 0.222765 20.071989
0.224746 0.004369 0.974408 31.435444 0.028833 0.999522 -0.011132 -1.723899 -0.973991 0.030597 0.224513 20.119714
0.226614 0.007017 0.973959 32.398278 0.026452 0.999561 -0.013356 -1.730742 -0.973625 0.028790 0.226329 20.193181
0.230478 0.010166 0.973024 33.378630 0.025513 0.999538 -0.016487 -1.761555 -0.972743 0.028625 0.230112 20.261102
0.232828 0.014193 0.972414 34.240500 0.025958 0.999447 -0.020803 -1.757159 -0.972171 0.030085 0.232331 20.333111
0.237669 0.016467 0.971207 35.241926 0.020821 0.999540 -0.022043 -1.789039 -0.971123 0.025461 0.237216 20.386971
0.242591 0.016807 0.969983 36.094722 0.015313 0.999659 -0.021151 -1.807866 -0.970008 0.019985 0.242251 20.424112
0.246972 0.017186 0.968870 36.841630 0.019225 0.999559 -0.022631 -1.834708 -0.968832 0.024216 0.246532 20.485062
0.250170 0.016389 0.968063 37.810722 0.018063 0.999604 -0.021591 -1.890857 -0.968033 0.022888 0.249775 20.564685
0.251798 0.018070 0.967611 38.016148 0.017263 0.999583 -0.023160 -1.889685 -0.967626 0.022536 0.251381 20.633281
0.256168 0.015132 0.966514 39.160056 0.016898 0.999655 -0.020130 -1.930070 -0.966484 0.021489 0.255824 20.718277
0.259134 0.014209 0.965737 39.357963 0.020116 0.999595 -0.020105 -1.940146 -0.965632 0.024637 0.258743 20.765932
0.261808 0.017448 0.964962 39.575611 0.016901 0.999600 -0.022660 -1.953085 -0.964972 0.022241 0.261409 20.826774
0.265822 0.026513 0.963658 39.802574 0.013869 0.999413 -0.031322 -1.950817 -0.963922 0.021691 0.265298 20.871022
0.269020 0.032435 0.962588 40.013093 0.010572 0.999273 -0.036626 -1.943009 -0.963077 0.020029 0.268481 20.933116
0.274855 0.035335 0.960836 40.112778 0.008856 0.999189 -0.039279 -1.961907 -0.961445 0.019305 0.274319 20.970247
0.280606 0.033449 0.959240 41.087074 0.005858 0.999314 -0.036560 -2.015026 -0.959805 0.015878 0.280218 21.072080
0.288665 0.032489 0.956879 42.053259 0.005921 0.999344 -0.035717 -2.035659 -0.957412 0.015976 0.288283 21.151098
0.296622 0.029840 0.954529 42.856463 0.006356 0.999428 -0.033219 -2.059835 -0.954974 0.015920 0.296263 21.222815
0.303182 0.026368 0.952568 43.511648 0.004618 0.999565 -0.029138 -2.074496 -0.952921 0.013233 0.302929 21.305176
0.310972 0.018229 0.950244 44.428222 0.005367 0.999766 -0.020936 -2.115431 -0.950404 0.011610 0.310801 21.393347
0.318088 0.016372 0.947920 45.215370 0.005020 0.999808 -0.018952 -2.141643 -0.948048 0.010787 0.317945 21.478554
0.325248 0.017700 0.945463 46.036574 0.006723 0.999756 -0.021029 -2.173109 -0.945605 0.013196 0.325049 21.564149
0.331235 0.022556 0.943279 46.869704 0.009051 0.999592 -0.027080 -2.204952 -0.943505 0.017508 0.330896 21.651376
0.335726 0.025698 0.941609 47.230037 0.008626 0.999502 -0.030353 -2.224869 -0.941920 0.018313 0.335338 21.709296
0.340624 0.028420 0.939770 47.575648 0.010230 0.999372 -0.033930 -2.239189 -0.940144 0.021171 0.340120 21.768183
0.346437 0.026792 0.937691 48.453796 0.008705 0.999457 -0.031773 -2.288730 -0.938033 0.019169 0.346015 21.852693
0.349920 0.022787 0.936502 48.657481 0.013417 0.999480 -0.029333 -2.302176 -0.936683 0.022829 0.349432 21.895121
0.355903 0.013028 0.934432 49.245167 0.020126 0.999564 -0.021601 -2.323669 -0.934306 0.026494 0.355486 21.944947
0.357414 0.007512 0.933916 49.298074 0.020252 0.999670 -0.015792 -2.329154 -0.933726 0.024558 0.357144 22.017728
0.362382 0.001531 0.932029 49.799204 0.021132 0.999728 -0.009859 -2.356089 -0.931790 0.023268 0.362251 22.029953
0.364139 0.003044 0.931340 50.032833 0.016098 0.999825 -0.009562 -2.355157 -0.931206 0.018475 0.364026 22.081853
0.366947 0.004744 0.930230 50.952796 0.014429 0.999838 -0.010791 -2.379246 -0.930130 0.017382 0.366819 22.187876
0.367630 0.009328 0.929925 51.110130 0.011381 0.999830 -0.014528 -2.383826 -0.929902 0.015925 0.367461 22.214407
0.368965 0.012545 0.929359 51.287593 0.011491 0.999771 -0.018058 -2.390856 -0.929372 0.017342 0.368736 22.248589
0.371433 0.016690 0.928310 51.797611 0.014379 0.999615 -0.023726 -2.400491 -0.928348 0.022160 0.371050 22.301930
0.372889 0.018266 0.927696 52.635741 0.015469 0.999545 -0.025899 -2.425802 -0.927747 0.024008 0.372437 22.403137
0.374290 0.019661 0.927103 53.313685 0.014040 0.999540 -0.026865 -2.435178 -0.927205 0.023072 0.373842 22.483008
0.374823 0.016898 0.926942 54.039444 0.013188 0.999636 -0.023556 -2.462817 -0.927002 0.021054 0.374464 22.566740
0.375834 0.014248 0.926578 54.723222 0.014301 0.999673 -0.021173 -2.481567 -0.926577 0.021209 0.375507 22.637734
0.375658 0.012090 0.926679 55.186611 0.015825 0.999685 -0.019458 -2.501144 -0.926623 0.021974 0.375349 22.682144
0.375008 0.010386 0.926963 56.095241 0.014956 0.999739 -0.017252 -2.542433 -0.926901 0.020333 0.374755 22.784684
0.372805 0.010414 0.927851 56.194556 0.013424 0.999772 -0.016615 -2.558065 -0.927813 0.018649 0.372581 22.786034
0.370156 0.014430 0.928857 56.361296 0.010307 0.999754 -0.019638 -2.572250 -0.928912 0.016843 0.369917 22.806662
0.368060 0.016100 0.929663 56.523630 0.013474 0.999653 -0.022647 -2.598589 -0.929704 0.020862 0.367716 22.817970
0.365061 0.014498 0.930871 56.638889 0.015211 0.999652 -0.021535 -2.639683 -0.930859 0.022020 0.364714 22.830082
0.361632 0.017291 0.932161 56.838204 0.009466 0.999708 -0.022216 -2.620822 -0.932273 0.016858 0.361362 22.878877
0.359239 0.012693 0.933159 57.057870 0.011474 0.999772 -0.018017 -2.648111 -0.933175 0.017180 0.359012 22.945518
0.357601 0.009461 0.933827 57.182833 0.009113 0.999866 -0.013620 -2.669000 -0.933830 0.013381 0.357467 22.924426
0.355364 0.007533 0.934698 57.310778 0.011678 0.999854 -0.012498 -2.691856 -0.934655 0.015357 0.355224 22.912481
0.354355 0.009381 0.935064 57.518944 0.014498 0.999774 -0.015524 -2.673056 -0.934999 0.019058 0.354139 22.892242
0.352687 0.009559 0.935693 57.825593 0.017864 0.999697 -0.016946 -2.694694 -0.935571 0.022692 0.352409 22.877327
0.351358 0.012423 0.936159 58.133833 0.016066 0.999685 -0.019296 -2.687617 -0.936103 0.021820 0.351048 22.881739
0.350496 0.011535 0.936493 58.368000 0.018142 0.999653 -0.019103 -2.734144 -0.936389 0.023686 0.350165 22.881652
0.350081 0.011884 0.936644 58.603481 0.016621 0.999683 -0.018896 -2.724122 -0.936572 0.022183 0.349772 22.857233
0.350498 0.007183 0.936536 59.122907 0.023907 0.999576 -0.016614 -2.760150 -0.936258 0.028213 0.350177 22.892711
0.353768 0.004229 0.935324 59.740630 0.028531 0.999476 -0.015310 -2.765539 -0.934898 0.032102 0.353461 22.925948
0.355241 0.003794 0.934767 60.076556 0.031992 0.999357 -0.016214 -2.759300 -0.934227 0.035664 0.354891 22.941117
0.360188 0.004341 0.932870 60.667852 0.027713 0.999498 -0.015352 -2.777861 -0.932468 0.031383 0.359887 22.977626
0.365014 0.004556 0.930991 60.901870 0.028014 0.999482 -0.015875 -2.790619 -0.930581 0.031875 0.364697 22.974224
0.373006 0.005932 0.927810 61.364759 0.024434 0.999570 -0.016214 -2.783189 -0.927507 0.028718 0.372701 22.979306
0.380810 0.005826 0.924635 61.748556 0.023115 0.999608 -0.015818 -2.801415 -0.924364 0.027397 0.380526 22.992455
0.389268 0.005156 0.921110 62.171389 0.022035 0.999646 -0.014908 -2.798063 -0.920861 0.026100 0.389017 23.012235
0.398288 0.004406 0.917250 62.568833 0.019188 0.999730 -0.013134 -2.831785 -0.917060 0.022831 0.398095 23.035547
0.407788 0.003729 0.913069 62.915648 0.018739 0.999747 -0.012452 -2.838152 -0.912884 0.022188 0.407615 23.043134
0.417506 0.007785 0.908641 63.252759 0.013207 0.999806 -0.014635 -2.848720 -0.908578 0.018110 0.417322 23.048998
0.427363 0.011556 0.904006 63.580648 0.007732 0.999835 -0.016436 -2.855961 -0.904047 0.014014 0.427203 23.054398
0.438225 0.016020 0.898723 63.882778 0.002825 0.999812 -0.019200 -2.853430 -0.898861 0.010953 0.438097 23.061888
0.449272 0.016828 0.893236 64.214926 0.002226 0.999798 -0.019955 -2.884381 -0.893392 0.010954 0.449144 23.069394
0.458980 0.017465 0.888275 64.442630 -0.000891 0.999815 -0.019198 -2.901889 -0.888446 0.008020 0.458911 23.064691
0.468632 0.017150 0.883227 64.642537 -0.000328 0.999815 -0.019239 -2.911843 -0.883394 0.008726 0.468551 23.075172
0.477595 0.017138 0.878413 64.843963 -0.003185 0.999837 -0.017775 -2.928035 -0.878574 0.005691 0.477572 23.108598
0.487700 0.012363 0.872924 65.567370 -0.004017 0.999921 -0.011918 -2.944702 -0.873002 0.002306 0.487711 23.217473
0.497212 0.003107 0.867624 65.875204 0.001781 0.999988 -0.004602 -2.950235 -0.867627 0.003834 0.497200 23.250175
0.506741 -0.001508 0.862097 66.028426 0.004781 0.999988 -0.001060 -2.952448 -0.862085 0.004659 0.506743 23.261769
0.515616 -0.005477 0.856802 66.226981 0.006224 0.999977 0.002647 -2.945157 -0.856797 0.003968 0.515638 23.276192
0.523491 -0.011569 0.851953 67.253333 0.015497 0.999872 0.004056 -2.969446 -0.851890 0.011080 0.523603 23.472499
0.530744 -0.018087 0.847340 67.930056 0.022210 0.999726 0.007429 -2.966685 -0.847241 0.014877 0.531000 23.577637
0.535803 -0.030683 0.843785 68.534426 0.036189 0.999256 0.013356 -2.956146 -0.843567 0.023380 0.536515 23.686787
0.540057 -0.038956 0.840727 69.959759 0.043325 0.998891 0.018454 -3.000981 -0.840513 0.026458 0.541145 24.039493
0.546928 -0.037399 0.836344 70.267759 0.043626 0.998918 0.016139 -2.991720 -0.836042 0.027660 0.547968 24.053317
0.553415 -0.032514 0.832271 71.529852 0.044737 0.998956 0.009278 -3.006565 -0.831703 0.032099 0.554292 24.303618
0.558819 -0.031245 0.828701 71.835593 0.050326 0.998726 0.003720 -2.989791 -0.827761 0.039626 0.559679 24.326401
0.563553 -0.028890 0.825575 72.937407 0.048448 0.998824 0.001881 -3.005031 -0.824658 0.038937 0.564290 24.571798
0.568725 -0.027346 0.822073 73.174352 0.043881 0.999033 0.002875 -3.004861 -0.821357 0.034438 0.569374 24.571701
0.572781 -0.020033 0.819463 73.405111 0.034033 0.999421 0.000645 -2.999569 -0.819001 0.027520 0.573131 24.585617
0.575462 -0.019446 0.817597 74.210463 0.035773 0.999359 -0.001410 -3.021672 -0.817045 0.030060 0.575789 24.753740
0.579294 -0.015081 0.814979 75.005870 0.032280 0.999469 -0.004450 -3.043159 -0.814479 0.028886 0.579473 24.925131
0.582472 -0.011106 0.812775 75.753685 0.028558 0.999569 -0.006807 -3.046861 -0.812349 0.027176 0.582538 25.081045
0.586053 -0.011121 0.810196 76.481259 0.026244 0.999642 -0.005261 -3.084715 -0.809848 0.024346 0.586135 25.243083
0.589546 -0.014846 0.807598 77.189963 0.027574 0.999618 -0.001753 -3.106556 -0.807264 0.023302 0.589731 25.397129
0.592807 -0.020306 0.805088 77.888852 0.030834 0.999521 0.002506 -3.147443 -0.804754 0.023338 0.593149 25.539505
0.596490 -0.020195 0.802367 78.299000 0.030015 0.999545 0.002844 -3.145409 -0.802059 0.022387 0.596824 25.614668
0.599208 -0.019643 0.800352 78.590111 0.028035 0.999601 0.003545 -3.160591 -0.800102 0.020314 0.599520 25.665541
0.601420 -0.021121 0.798654 78.901426 0.030450 0.999530 0.003504 -3.189185 -0.798353 0.022212 0.601780 25.724180
0.603924 -0.021999 0.796738 79.577111 0.030465 0.999526 0.004506 -3.195726 -0.796459 0.021551 0.604308 25.862614
0.605706 -0.024915 0.795298 80.239481 0.034163 0.999402 0.005290 -3.208809 -0.794955 0.023966 0.606195 26.002010
0.608079 -0.023471 0.793529 80.837389 0.031521 0.999489 0.005408 -3.194119 -0.793250 0.021724 0.608508 26.127992
0.610178 -0.026203 0.791831 81.491611 0.033927 0.999400 0.006928 -3.218500 -0.791537 0.022638 0.610702 26.266729
0.612646 -0.025170 0.789957 81.682611 0.034305 0.999398 0.005239 -3.229411 -0.789613 0.023890 0.613140 26.314346
0.614583 -0.025243 0.788448 82.303463 0.035059 0.999374 0.004668 -3.252619 -0.788073 0.024773 0.615084 26.471713
0.617779 -0.027164 0.785883 82.829722 0.037368 0.999288 0.005165 -3.267317 -0.785464 0.026176 0.618354 26.576041
0.620900 -0.029505 0.783335 83.441648 0.040737 0.999156 0.005344 -3.275119 -0.782831 0.028592 0.621577 26.722710
0.624297 -0.030106 0.780607 83.980815 0.041290 0.999132 0.005512 -3.278070 -0.780095 0.028790 0.624998 26.834047
0.627113 -0.033792 0.778195 84.552167 0.045154 0.998956 0.006991 -3.298365 -0.777618 0.030754 0.627984 26.962810
0.630827 -0.034475 0.775157 85.096241 0.045324 0.998944 0.007544 -3.324130 -0.774598 0.030374 0.631724 27.096617
0.634394 -0.037365 0.772106 85.663611 0.048531 0.998786 0.008460 -3.344294 -0.771485 0.032104 0.635437 27.223954
0.638176 -0.037556 0.768974 85.820241 0.049982 0.998723 0.007297 -3.346741 -0.768267 0.033778 0.639238 27.258525
0.642239 -0.038345 0.765544 86.409130 0.052155 0.998619 0.006265 -3.356737 -0.764728 0.035903 0.643353 27.392758
0.647250 -0.032709 0.761576 86.957111 0.047425 0.998871 0.002595 -3.352719 -0.760802 0.034439 0.648070 27.534281
0.652587 -0.027690 0.757208 87.212333 0.044796 0.998994 -0.002075 -3.363611 -0.756389 0.035273 0.653171 27.595210
0.658354 -0.021404 0.752404 87.442889 0.040499 0.999155 -0.007013 -3.377920 -0.751618 0.035089 0.658664 27.649739
0.663034 -0.013930 0.748460 87.490537 0.034967 0.999312 -0.012378 -3.371489 -0.747773 0.034378 0.663064 27.702648
0.668615 -0.009857 0.743544 87.626148 0.032359 0.999351 -0.015849 -3.392215 -0.742904 0.034657 0.668500 27.748089
0.674654 -0.010276 0.738062 87.911370 0.029872 0.999464 -0.013390 -3.416793 -0.737529 0.031081 0.674600 27.797974
0.679951 -0.012356 0.733154 88.039741 0.026754 0.999610 -0.007965 -3.451298 -0.732770 0.025031 0.680016 27.834365
0.685586 -0.014847 0.727840 88.178407 0.022414 0.999749 -0.000719 -3.485967 -0.727646 0.016807 0.685747 27.882598
0.691091 -0.016108 0.722588 88.329519 0.017477 0.999832 0.005573 -3.508556 -0.722556 0.008777 0.691256 27.924329
0.697191 -0.019237 0.716628 88.522722 0.017178 0.999801 0.010126 -3.527587 -0.716680 0.005250 0.697382 27.971449
0.703333 -0.014512 0.710712 88.725111 0.012305 0.999890 0.008240 -3.518754 -0.710754 0.002950 0.703435 28.012144
0.710424 -0.019510 0.703503 88.944870 0.018475 0.999788 0.009069 -3.586276 -0.703531 0.006555 0.710634 28.081285
0.715349 -0.017451 0.698549 89.089333 0.018034 0.999816 0.006508 -3.596730 -0.698534 0.007942 0.715532 28.154002
0.722204 -0.015940 0.691496 89.380056 0.016536 0.999847 0.005778 -3.612217 -0.691482 0.007262 0.722357 28.218321
0.728635 -0.018775 0.684645 89.660204 0.019307 0.999790 0.006869 -3.626437 -0.684630 0.008213 0.728845 28.282554
0.734786 -0.017242 0.678080 89.901722 0.015585 0.999842 0.008535 -3.647098 -0.678120 0.004296 0.734939 28.338930
0.742326 -0.022961 0.669645 90.267833 0.019534 0.999730 0.012625 -3.674456 -0.669754 0.003709 0.742574 28.414665
0.749721 -0.026978 0.661204 90.626278 0.022571 0.999630 0.015194 -3.686589 -0.661369 0.003533 0.750053 28.492781
0.756478 -0.025670 0.653515 91.213870 0.021367 0.999666 0.014533 -3.671367 -0.653670 0.002970 0.756774 28.674972
0.762165 -0.023894 0.646942 91.633537 0.018579 0.999714 0.015035 -3.684298 -0.647116 0.000560 0.762391 28.850818
0.771429 -0.030543 0.635582 92.390463 0.026316 0.999524 0.016092 -3.704985 -0.635771 0.004312 0.771866 29.049176
0.777759 -0.030143 0.627840 92.906759 0.026071 0.999537 0.015693 -3.701174 -0.628022 0.004163 0.778184 29.231939
0.782186 -0.031696 0.622238 93.473611 0.027350 0.999489 0.016531 -3.692324 -0.622444 0.004088 0.782653 29.439947
0.785312 -0.032163 0.618264 94.064389 0.027872 0.999474 0.016591 -3.676144 -0.618472 0.004203 0.785795 29.658118
0.788108 -0.035571 0.614508 94.680741 0.031901 0.999348 0.016934 -3.671256 -0.614710 0.006258 0.788729 29.881921
0.790401 -0.038606 0.611373 95.315981 0.036343 0.999209 0.016111 -3.646565 -0.611511 0.009485 0.791179 30.117636
0.792718 -0.044957 0.607928 95.968537 0.043691 0.998902 0.016899 -3.631919 -0.608020 0.013165 0.793812 30.365080
0.795780 -0.052345 0.603319 96.633278 0.050020 0.998535 0.020658 -3.640539 -0.603516 0.013739 0.797232 30.604603
0.797897 -0.057507 0.600045 97.327630 0.055422 0.998221 0.021971 -3.607043 -0.600241 0.015725 0.799664 30.868333
0.800257 -0.058548 0.596793 97.975944 0.056916 0.998145 0.021601 -3.569654 -0.596950 0.016681 0.802105 31.128683
0.802795 -0.059605 0.593269 98.688426 0.058554 0.998062 0.021041 -3.563789 -0.593374 0.017847 0.804729 31.401464
0.805401 -0.054180 0.590249 99.319963 0.053383 0.998397 0.018804 -3.542346 -0.590321 0.016365 0.807002 31.678420
0.808443 -0.050508 0.586403 99.506167 0.048844 0.998632 0.018675 -3.539220 -0.586544 0.013545 0.809804 31.726976
0.811236 -0.050770 0.582511 99.733352 0.046810 0.998665 0.021852 -3.518209 -0.582842 0.009540 0.812529 31.782883
0.814911 -0.053226 0.577137 99.924130 0.044795 0.998580 0.028844 -3.521131 -0.577852 0.002348 0.816138 31.818933
0.817459 -0.056979 0.573162 100.618926 0.045255 0.998372 0.034705 -3.480150 -0.574207 -0.002431 0.818707 32.109998
0.820491 -0.062622 0.568219 101.240167 0.049568 0.998032 0.038416 -3.458748 -0.569506 -0.003354 0.821980 32.388250
0.823936 -0.066061 0.562820 101.834667 0.054964 0.997815 0.036656 -3.419678 -0.564011 0.000732 0.825767 32.626967
0.826699 -0.070560 0.558203 102.415074 0.065025 0.997439 0.029780 -3.379259 -0.558875 0.011678 0.829170 32.888489
0.830013 -0.072061 0.553069 102.873630 0.072144 0.997159 0.021652 -3.372428 -0.553059 0.021929 0.832854 33.135215
0.834063 -0.074311 0.546642 103.492333 0.077151 0.996861 0.017798 -3.359067 -0.546248 0.027329 0.837177 33.414903
0.838427 -0.077865 0.539423 104.127315 0.079802 0.996614 0.019823 -3.345376 -0.539139 0.026427 0.841802 33.699942
0.843005 -0.084989 0.531149 104.821056 0.086083 0.996028 0.022749 -3.342119 -0.530973 0.026546 0.846973 34.002121
0.846036 -0.086976 0.525982 105.407852 0.089761 0.995757 0.020279 -3.317487 -0.525514 0.030056 0.850254 34.295438
0.849479 -0.090963 0.519722 106.096630 0.096546 0.995194 0.016376 -3.335954 -0.518714 0.036266 0.854179 34.608983
0.852362 -0.090957 0.514982 106.710241 0.097914 0.995101 0.013697 -3.314150 -0.513705 0.038749 0.857092 34.937968
0.855106 -0.091925 0.510239 107.297000 0.097713 0.995094 0.015519 -3.324900 -0.509162 0.036587 0.859892 35.213098
0.857626 -0.096993 0.505045 107.956370 0.101498 0.994661 0.018668 -3.299356 -0.504159 0.035251 0.862891 35.487563
0.858726 -0.100622 0.502459 108.560667 0.103741 0.994365 0.021831 -3.287107 -0.501824 0.033379 0.864325 35.774530
0.859011 -0.104435 0.501192 109.118130 0.106297 0.994022 0.024941 -3.276656 -0.500800 0.031851 0.864977 36.059261
0.859817 -0.105923 0.499494 109.620204 0.108398 0.993814 0.024155 -3.232770 -0.498963 0.033375 0.865980 36.305107
0.860064 -0.110138 0.498156 110.324481 0.111406 0.993400 0.027290 -3.242978 -0.497874 0.032026 0.866658 36.662539
0.860330 -0.108339 0.498091 110.309111 0.111457 0.993490 0.023579 -3.215926 -0.497402 0.035229 0.866804 36.721323
0.860638 -0.102389 0.498818 110.237111 0.106199 0.994127 0.020825 -3.204357 -0.498021 0.035051 0.866457 36.790697
0.860139 -0.100021 0.500157 110.849426 0.103326 0.994422 0.021171 -3.208983 -0.499485 0.033469 0.865676 37.092546
0.859203 -0.095778 0.502590 111.274759 0.098897 0.994886 0.020524 -3.174817 -0.501986 0.032071 0.864281 37.326037
0.857212 -0.091081 0.506846 111.588241 0.092881 0.995439 0.021796 -3.184552 -0.506519 0.028393 0.861761 37.581413
0.855511 -0.094200 0.509144 111.627963 0.095106 0.995170 0.024317 -3.194830 -0.508975 0.027619 0.860338 37.691006
0.853965 -0.091493 0.512224 112.104741 0.088914 0.995599 0.029598 -3.213044 -0.512678 0.020268 0.858342 37.957826
0.851316 -0.094091 0.516148 112.649130 0.090931 0.995360 0.031469 -3.193341 -0.516714 0.020144 0.855921 38.246710
0.848081 -0.094037 0.521455 113.168389 0.093238 0.995255 0.027839 -3.210561 -0.521598 0.025010 0.852825 38.522795
0.846012 -0.086160 0.526155 113.526259 0.090045 0.995770 0.018277 -3.191672 -0.525505 0.031916 0.850192 38.733449
0.843753 -0.080885 0.530602 114.153370 0.087313 0.996096 0.013000 -3.189137 -0.529582 0.035360 0.847521 39.036951
0.839646 -0.082986 0.536758 114.596130 0.086387 0.996083 0.018865 -3.206296 -0.536221 0.030529 0.843526 39.292862
0.836178 -0.086484 0.541596 115.018611 0.087026 0.995901 0.024667 -3.208189 -0.541509 0.026507 0.840277 39.552694
0.831439 -0.090076 0.548266 115.358926 0.087622 0.995680 0.030705 -3.215006 -0.548664 0.022511 0.835740 39.792211
0.828061 -0.087855 0.553712 115.771204 0.086539 0.995838 0.028589 -3.192422 -0.553919 0.024244 0.832218 40.036631
0.826410 -0.090446 0.555758 116.496241 0.087809 0.995640 0.031462 -3.182646 -0.556181 0.022801 0.830749 40.332449
0.822816 -0.091860 0.560834 116.955593 0.090784 0.995423 0.029851 -3.178224 -0.561010 0.026353 0.827390 40.579364
0.819033 -0.093313 0.566107 117.372648 0.093165 0.995221 0.029256 -3.187146 -0.566131 0.028780 0.823813 40.844979
0.815519 -0.095437 0.570807 117.859611 0.098942 0.994780 0.024964 -3.123974 -0.570210 0.036118 0.820705 41.060261
0.811579 -0.096165 0.576274 118.381741 0.099234 0.994718 0.026239 -3.108926 -0.575754 0.035891 0.816835 41.298363
0.808451 -0.094054 0.581000 118.769019 0.095644 0.995022 0.027990 -3.115252 -0.580740 0.032941 0.813422 41.487811
0.803719 -0.098682 0.586769 119.221389 0.102103 0.994397 0.027382 -3.062696 -0.586183 0.037904 0.809292 41.686126
0.800132 -0.089615 0.593092 119.392019 0.089584 0.995540 0.029569 -3.121933 -0.593097 0.029473 0.804592 41.876892
0.797116 -0.084858 0.597834 119.467778 0.087780 0.995843 0.024312 -3.132309 -0.597411 0.033099 0.801252 41.948356
0.793793 -0.083813 0.602386 119.671056 0.089247 0.995789 0.020945 -3.138609 -0.601604 0.037135 0.797930 42.040156
0.789867 -0.075526 0.608610 119.916037 0.080818 0.996552 0.018780 -3.150939 -0.607930 0.034353 0.793247 42.197501
0.785507 -0.079790 0.613687 120.322407 0.078335 0.996497 0.029294 -3.155411 -0.613874 0.025063 0.789006 42.315388
0.780268 -0.079654 0.620352 120.664185 0.069155 0.996763 0.041003 -3.151750 -0.621610 0.010907 0.783251 42.500916
0.774850 -0.083540 0.626601 121.089426 0.069457 0.996479 0.046963 -3.117409 -0.628318 0.007132 0.777924 42.664844
0.769562 -0.084514 0.632955 121.467037 0.067717 0.996415 0.050713 -3.087967 -0.634972 0.003835 0.772526 42.833939
0.763890 -0.077806 0.640639 121.861833 0.060176 0.996968 0.049330 -3.055800 -0.642535 0.000868 0.766256 42.967897
0.758091 -0.079870 0.647239 122.464500 0.064587 0.996788 0.047355 -3.020009 -0.648943 0.005904 0.760814 43.191106
0.752533 -0.069272 0.654901 123.103185 0.059579 0.997536 0.037054 -2.991374 -0.655854 0.011134 0.754806 43.398072
0.745438 -0.072264 0.662646 124.039500 0.067046 0.997193 0.033326 -2.940439 -0.663194 0.019585 0.748191 43.711472
0.738661 -0.078920 0.669442 124.099611 0.072806 0.996654 0.037161 -2.976207 -0.670134 0.021290 0.741935 43.835175
0.732726 -0.082601 0.675492 124.374241 0.071790 0.996450 0.043977 -2.970891 -0.676726 0.016270 0.736055 43.929724
0.725625 -0.085768 0.682724 125.071056 0.072240 0.996214 0.048371 -2.974785 -0.684288 0.014221 0.729074 44.172513
0.718328 -0.083335 0.690696 125.674926 0.068265 0.996452 0.049229 -2.942122 -0.692347 0.011788 0.721468 44.391872
0.713064 -0.088011 0.695553 126.101111 0.076224 0.995941 0.047877 -2.907594 -0.696943 0.018878 0.716878 44.542737
0.708090 -0.094468 0.699775 126.915537 0.079668 0.995371 0.053757 -2.870867 -0.701614 0.017685 0.712338 44.786552
0.703729 -0.094985 0.704091 127.398944 0.077200 0.995378 0.057121 -2.843102 -0.706262 0.014158 0.707809 44.946662
0.699484 -0.094970 0.708310 127.871944 0.075467 0.995405 0.058937 -2.806283 -0.710652 0.012228 0.703437 45.124997
0.695300 -0.090636 0.712982 128.313185 0.070895 0.995828 0.057455 -2.765487 -0.715214 0.010598 0.698825 45.289487
0.691606 -0.090534 0.716578 128.838056 0.074805 0.995756 0.053607 -2.733920 -0.718391 0.016528 0.695443 45.453528
0.689470 -0.087125 0.719055 129.448352 0.076223 0.995954 0.047589 -2.682104 -0.720293 0.021997 0.693322 45.620831
0.686773 -0.082152 0.722214 129.742019 0.070852 0.996427 0.045969 -2.659691 -0.723410 0.019601 0.690140 45.748309
0.684520 -0.084470 0.724084 129.730389 0.068447 0.996324 0.051522 -2.659574 -0.725774 0.014294 0.687785 45.779801
0.681147 -0.091722 0.726379 129.634315 0.071701 0.995709 0.058495 -2.664596 -0.728627 0.012239 0.684801 45.828925
0.678456 -0.092903 0.728743 129.788944 0.070024 0.995633 0.061735 -2.647717 -0.731296 0.009145 0.681999 45.910789
0.675439 -0.096845 0.731028 129.953278 0.076046 0.995201 0.061579 -2.645069 -0.733484 0.013999 0.679563 45.982663
0.673270 -0.097296 0.732967 130.405519 0.080512 0.995057 0.058132 -2.612504 -0.735000 0.019874 0.677775 46.122966
0.672070 -0.089326 0.735080 130.752944 0.075417 0.995792 0.052055 -2.599250 -0.736637 0.020453 0.675979 46.246491
0.670070 -0.084600 0.737461 131.058556 0.077487 0.996028 0.043857 -2.592365 -0.738242 0.027756 0.673964 46.351769
0.668633 -0.083103 0.738934 131.146259 0.078490 0.996071 0.040999 -2.589709 -0.739438 0.030586 0.672529 46.403696
0.666108 -0.090394 0.740357 131.004444 0.079389 0.995583 0.050129 -2.595969 -0.741618 0.025385 0.670342 46.390903
0.663823 -0.091979 0.742212 130.611130 0.067365 0.995728 0.063146 -2.629156 -0.744850 0.008082 0.667183 46.358714
0.661617 -0.090748 0.744330 130.361537 0.058003 0.995869 0.069858 -2.632224 -0.747595 -0.003046 0.664148 46.375826
0.660144 -0.091233 0.745578 130.386130 0.057964 0.995824 0.070532 -2.649770 -0.748899 -0.003344 0.662676 46.396476
0.657731 -0.093939 0.747372 130.430130 0.064417 0.995573 0.068446 -2.659115 -0.750494 0.003124 0.660870 46.435172
0.655558 -0.093188 0.749373 130.494074 0.066227 0.995628 0.065875 -2.635474 -0.752235 0.006444 0.658864 46.463992
0.654161 -0.094447 0.750436 130.453704 0.065839 0.995517 0.067900 -2.623794 -0.753485 0.004990 0.657447 46.473626
0.651729 -0.096437 0.752296 130.375333 0.065970 0.995332 0.070441 -2.630920 -0.755577 0.003720 0.655049 46.489756
0.649108 -0.095433 0.754686 130.304074 0.065818 0.995425 0.069266 -2.607731 -0.757843 0.004711 0.652420 46.516842
0.647281 -0.096571 0.756110 130.347241 0.066655 0.995313 0.070061 -2.601617 -0.759332 0.005049 0.650684 46.520082
0.644596 -0.094122 0.758707 130.414907 0.065695 0.995541 0.067688 -2.569819 -0.761695 0.006212 0.647906 46.527507
0.641485 -0.093776 0.761382 130.451907 0.067388 0.995552 0.065842 -2.549646 -0.764170 0.009071 0.644951 46.545084
0.638252 -0.091036 0.764426 130.596833 0.064676 0.995814 0.064591 -2.523206 -0.767106 0.008214 0.641468 46.531897
0.635284 -0.087678 0.767286 130.729093 0.062683 0.996110 0.061927 -2.486506 -0.769731 0.008754 0.638308 46.520212
0.630296 -0.085718 0.771609 130.804222 0.064038 0.996239 0.058361 -2.473976 -0.773710 0.012628 0.633414 46.522053
0.625186 -0.083432 0.776004 130.974241 0.063232 0.996416 0.056187 -2.446917 -0.777910 0.013941 0.628221 46.523225
0.620649 -0.081803 0.779810 131.049667 0.061779 0.996553 0.055370 -2.448746 -0.781651 0.013811 0.623563 46.491937
0.615998 -0.080250 0.783650 131.029833 0.057613 0.996723 0.056782 -2.443681 -0.785638 0.010171 0.618603 46.458533
0.611549 -0.078799 0.787273 131.054389 0.053816 0.996867 0.057973 -2.434515 -0.789375 0.006915 0.613873 46.395488
0.606960 -0.077075 0.790986 131.037963 0.051888 0.997006 0.057334 -2.436663 -0.793037 0.006243 0.609142 46.349183
0.601313 -0.074017 0.795578 131.053944 0.048215 0.997247 0.056337 -2.438737 -0.797558 0.004483 0.603226 46.313149
0.595580 -0.068908 0.800335 131.088148 0.044995 0.997611 0.052411 -2.424889 -0.802035 0.004796 0.597258 46.298779
0.590543 -0.066140 0.804291 131.187889 0.041142 0.997807 0.051845 -2.427594 -0.805956 0.002474 0.591970 46.216327
0.585043 -0.064976 0.808395 131.154426 0.041598 0.997877 0.050101 -2.417107 -0.809935 0.004316 0.586504 46.206202
0.579499 -0.061346 0.812661 131.101574 0.037457 0.998114 0.048635 -2.432967 -0.814112 0.002255 0.580703 46.147223
0.574613 -0.061284 0.816128 131.102426 0.038110 0.998114 0.048118 -2.438230 -0.817538 0.003453 0.575865 46.072233
0.568695 -0.062293 0.820186 130.978611 0.041536 0.998031 0.047000 -2.474348 -0.821499 0.007338 0.570163 46.001623
0.563013 -0.060180 0.824254 130.879630 0.038068 0.998175 0.046876 -2.468256 -0.825571 0.004986 0.564277 45.915773
0.557020 -0.061842 0.828193 130.631130 0.037751 0.998078 0.049137 -2.475852 -0.829640 0.003895 0.558285 45.814885
0.550730 -0.061922 0.832383 130.241148 0.031730 0.998077 0.053254 -2.493443 -0.834080 -0.002917 0.551636 45.705222
0.546260 -0.066743 0.834952 130.049148 0.034606 0.997768 0.057118 -2.477485 -0.836901 -0.002307 0.547350 45.635497
0.543505 -0.066839 0.836741 130.111370 0.032932 0.997755 0.058310 -2.396702 -0.838760 -0.004137 0.544486 45.583582
0.542028 -0.071444 0.837318 129.996574 0.031985 0.997412 0.064398 -2.374150 -0.839751 -0.008124 0.542910 45.489983
0.538469 -0.075364 0.839268 129.607444 0.033149 0.997116 0.068270 -2.346493 -0.841993 -0.008940 0.539414 45.419335
0.533786 -0.076772 0.842127 129.346704 0.035989 0.997030 0.068082 -2.329948 -0.844853 -0.006034 0.534964 45.339037
0.528114 -0.070249 0.846263 129.256074 0.039070 0.997527 0.058424 -2.316135 -0.848274 0.002209 0.529553 45.340544
0.522996 -0.060579 0.850180 129.298852 0.040522 0.998110 0.046192 -2.292770 -0.851371 0.010293 0.524463 45.350069
0.518068 -0.056315 0.853483 129.213667 0.046779 0.998202 0.037469 -2.255037 -0.854059 0.020513 0.519771 45.337482
0.514503 -0.063379 0.855143 129.008704 0.055529 0.997634 0.040530 -2.338644 -0.855689 0.026633 0.516805 45.276008
0.509227 -0.073273 0.857508 128.713278 0.064185 0.996828 0.047062 -2.362046 -0.858236 0.031074 0.512314 45.235195
0.505468 -0.079260 0.859197 128.218130 0.063924 0.996475 0.054318 -2.381456 -0.860475 0.027467 0.508753 45.145582
0.503220 -0.075345 0.860867 128.276037 0.062714 0.996749 0.050578 -2.407287 -0.861879 0.028536 0.506310 45.125338
0.501204 -0.066738 0.862752 128.473056 0.058529 0.997353 0.043149 -2.410737 -0.863347 0.028869 0.503784 45.146263
0.499348 -0.064008 0.864034 128.580537 0.056990 0.997534 0.040961 -2.385444 -0.864525 0.028787 0.501765 45.129868
0.497267 -0.068768 0.864868 128.383500 0.055541 0.997332 0.047367 -2.407720 -0.865818 0.024481 0.499760 45.072650
0.495474 -0.071428 0.865681 128.269019 0.052621 0.997251 0.052166 -2.450235 -0.867027 0.019706 0.497871 45.012294
0.493693 -0.069663 0.866842 128.377185 0.050755 0.997395 0.051248 -2.443950 -0.868154 0.018695 0.495943 44.973344
0.490359 -0.066987 0.868942 128.506185 0.051389 0.997529 0.047900 -2.413585 -0.870004 0.021166 0.492590 44.988291
0.488017 -0.069341 0.870075 128.533519 0.055122 0.997298 0.048562 -2.431152 -0.871092 0.024261 0.490521 44.964169
0.485448 -0.071103 0.871370 128.575148 0.059160 0.997074 0.048401 -2.441046 -0.872262 0.028054 0.488234 44.958915
0.483556 -0.074080 0.872173 128.579537 0.062985 0.996774 0.049743 -2.433989 -0.873044 0.030881 0.486662 44.933276
0.482152 -0.076920 0.872704 128.592296 0.067823 0.996426 0.050354 -2.451352 -0.873458 0.034911 0.485646 44.917367
0.480665 -0.081242 0.873133 128.456833 0.069564 0.996094 0.054387 -2.501780 -0.874141 0.034597 0.484439 44.878736
0.480331 -0.079373 0.873488 128.511963 0.067179 0.996301 0.053592 -2.461637 -0.874511 0.032938 0.483886 44.874340
0.479395 -0.080689 0.873882 128.447333 0.064638 0.996306 0.056534 -2.447513 -0.875215 0.029384 0.482840 44.840914
0.479249 -0.078791 0.874135 128.497778 0.060377 0.996563 0.056724 -2.439154 -0.875600 0.025593 0.482358 44.835752
0.478500 -0.076613 0.874739 128.663556 0.057193 0.996790 0.056017 -2.426143 -0.876223 0.023225 0.481346 44.810091
0.477888 -0.076147 0.875114 128.809519 0.058303 0.996788 0.054895 -2.413583 -0.876484 0.024788 0.480793 44.804227
0.477436 -0.073946 0.875549 128.896926 0.052230 0.997079 0.055730 -2.430472 -0.877113 0.019122 0.479904 44.767841
0.476533 -0.076318 0.875838 128.944870 0.056500 0.996824 0.056119 -2.420763 -0.877339 0.022742 0.479332 44.763521
0.475283 -0.081598 0.876041 128.691167 0.056572 0.996464 0.062123 -2.416472 -0.878012 0.020034 0.478219 44.706848
0.474233 -0.083875 0.876395 128.686685 0.061880 0.996165 0.061853 -2.398050 -0.878222 0.024899 0.477604 44.725273
0.473888 -0.083552 0.876612 128.732815 0.059068 0.996263 0.063024 -2.405737 -0.878602 0.021913 0.477052 44.687392
0.473471 -0.077656 0.877380 129.092981 0.059481 0.996651 0.056114 -2.393233 -0.878799 0.025619 0.476504 44.744405
0.471632 -0.077820 0.878355 129.251185 0.060299 0.996613 0.055920 -2.405861 -0.879731 0.026590 0.474727 44.754595
0.471063 -0.072007 0.879155 129.458463 0.053568 0.997158 0.052970 -2.394820 -0.880471 0.022143 0.473582 44.774095
0.469467 -0.078238 0.879477 129.227444 0.055740 0.996706 0.058913 -2.426922 -0.881189 0.021365 0.472282 44.748925
0.467844 -0.083654 0.879843 129.014593 0.056193 0.996312 0.064848 -2.455509 -0.882023 0.019102 0.470819 44.711930
0.464196 -0.085196 0.881625 128.918074 0.051582 0.996274 0.069117 -2.461713 -0.884229 0.013392 0.466861 44.739248
0.462548 -0.085689 0.882444 129.119463 0.053780 0.996197 0.068546 -2.441619 -0.884962 0.015752 0.465398 44.720057
0.460765 -0.084891 0.883453 129.334222 0.053004 0.996270 0.068088 -2.425783 -0.885938 0.015454 0.463546 44.676112
0.456514 -0.084413 0.885703 129.588833 0.052244 0.996315 0.068027 -2.390157 -0.888181 0.015218 0.459242 44.707048
0.452362 -0.084542 0.887818 129.772519 0.051968 0.996304 0.068394 -2.355250 -0.890319 0.015199 0.455083 44.741803
0.447784 -0.085538 0.890041 129.940593 0.053057 0.996201 0.069048 -2.324357 -0.892566 0.016304 0.450622 44.769802
0.443645 -0.085717 0.892094 130.060370 0.053336 0.996176 0.069194 -2.304928 -0.894614 0.016883 0.446520 44.825951
0.439461 -0.085243 0.894208 130.181296 0.051799 0.996235 0.069512 -2.302793 -0.896767 0.015771 0.442222 44.873455
0.434413 -0.082123 0.896962 130.307500 0.044230 0.996578 0.069822 -2.284254 -0.899627 0.009341 0.436559 44.927595
0.430275 -0.082500 0.898920 130.347981 0.043844 0.996550 0.070474 -2.267017 -0.901632 0.009089 0.432408 45.000787
0.425360 -0.078057 0.901652 130.479778 0.033759 0.996949 0.070381 -2.234115 -0.904394 0.000502 0.426697 45.060602
0.423281 -0.074913 0.902896 130.718167 0.032577 0.997190 0.067464 -2.232031 -0.905412 0.000857 0.424532 45.112550
0.420282 -0.072980 0.904454 130.972907 0.033709 0.997328 0.064811 -2.233681 -0.906767 0.003249 0.421619 45.171027
0.417455 -0.069459 0.906039 131.234704 0.031881 0.997580 0.061788 -2.199946 -0.908138 0.003091 0.418659 45.232187
0.415392 -0.071384 0.906838 131.170556 0.031868 0.997446 0.063918 -2.200322 -0.909084 0.002348 0.416606 45.249581
0.411676 -0.072724 0.908424 131.146370 0.029700 0.997352 0.066384 -2.157206 -0.910847 -0.000349 0.412745 45.248987
0.408789 -0.075583 0.909494 131.006222 0.029339 0.997138 0.069679 -2.137761 -0.912157 -0.001801 0.409837 45.228337
0.406884 -0.076799 0.910246 131.079889 0.032823 0.997045 0.069450 -2.111278 -0.912890 0.001618 0.408202 45.232160
0.404783 -0.078121 0.911070 131.123741 0.035624 0.996935 0.069656 -2.090235 -0.913718 0.004260 0.406326 45.232079
0.402379 -0.076786 0.912247 131.289796 0.032440 0.997046 0.069615 -2.061376 -0.914898 0.001582 0.403681 45.215156
0.400432 -0.073879 0.913343 131.689815 0.036442 0.997240 0.064688 -2.011357 -0.915602 0.007381 0.402019 45.258377
0.397049 -0.081109 0.914207 131.508056 0.046106 0.996592 0.068394 -1.978933 -0.916639 0.014994 0.399436 45.190980
0.395676 -0.084792 0.914468 131.326611 0.047459 0.996286 0.071844 -1.934341 -0.917163 0.014972 0.398230 45.139302
0.393826 -0.083958 0.915343 131.469963 0.045233 0.996383 0.071930 -1.892744 -0.918072 0.013076 0.396199 45.097668
0.391924 -0.074332 0.916990 132.394389 0.047177 0.997043 0.060658 -1.847921 -0.918787 0.019487 0.394272 45.173014
0.390311 -0.063085 0.918519 133.272981 0.047862 0.997691 0.048184 -1.796904 -0.919438 0.025156 0.392429 45.239369
0.388184 -0.058303 0.919736 133.511537 0.044725 0.998013 0.044388 -1.794309 -0.920496 0.023905 0.390020 45.227689
0.387195 -0.062334 0.919888 133.066778 0.037679 0.997948 0.051764 -1.860250 -0.921228 0.014617 0.388749 45.116060
0.386556 -0.067637 0.919782 132.719537 0.037054 0.997641 0.057789 -1.863276 -0.921521 0.011743 0.388151 45.028219
0.385529 -0.071310 0.919936 132.449148 0.036423 0.997408 0.062051 -1.865265 -0.921977 0.009584 0.387127 44.953790
0.384120 -0.069647 0.920653 132.519037 0.034160 0.997540 0.061211 -1.843189 -0.922651 0.007937 0.385554 44.938552
0.382903 -0.071426 0.921023 132.297778 0.029972 0.997442 0.064892 -1.866087 -0.923302 0.002758 0.384064 44.846860
0.381731 -0.073070 0.921381 132.093463 0.026368 0.997325 0.068169 -1.856313 -0.923897 -0.001727 0.382637 44.765827
0.381041 -0.075493 0.921471 132.006870 0.028075 0.997146 0.070084 -1.840339 -0.924132 -0.000834 0.382073 44.704510
0.379472 -0.078739 0.921846 132.093241 0.036038 0.996874 0.070313 -1.850545 -0.924501 0.006540 0.381124 44.601813
0.378446 -0.075538 0.922536 132.506889 0.034632 0.997122 0.067439 -1.800632 -0.924975 0.006427 0.379973 44.540248
0.377672 -0.076247 0.922795 132.688278 0.037551 0.997045 0.067014 -1.794846 -0.925178 0.009343 0.379419 44.447756
0.377204 -0.076376 0.922975 132.769611 0.036528 0.997045 0.067577 -1.730125 -0.925410 0.008224 0.378879 44.359067
0.377102 -0.075295 0.923106 132.849981 0.030652 0.997158 0.068814 -1.680590 -0.925665 0.002346 0.378338 44.230633
0.376822 -0.076255 0.923142 133.019315 0.034136 0.997072 0.068428 -1.647493 -0.925657 0.005727 0.378321 44.166346
0.376580 -0.073821 0.923438 133.275926 0.030146 0.997269 0.067429 -1.638639 -0.925894 0.002445 0.377776 44.028733
0.376154 -0.071193 0.923818 133.574889 0.028707 0.997460 0.065180 -1.613121 -0.926112 0.002003 0.377243 43.935242
0.375501 -0.071722 0.924043 133.762278 0.033977 0.997396 0.063609 -1.601099 -0.926199 0.007511 0.376960 43.892933
0.374896 -0.076576 0.923899 133.760111 0.043300 0.996941 0.065061 -1.593400 -0.926055 0.015614 0.377065 43.828636
0.375310 -0.077739 0.923634 133.760185 0.040803 0.996896 0.067325 -1.564339 -0.926001 0.012420 0.377317 43.747117
0.375462 -0.077811 0.923566 133.864630 0.040606 0.996894 0.067481 -1.520999 -0.925948 0.012165 0.377456 43.702767
0.375886 -0.079325 0.923264 133.927796 0.040228 0.996787 0.069264 -1.507237 -0.925792 0.011106 0.377870 43.637551
0.375570 -0.078324 0.923478 134.149407 0.043469 0.996815 0.066866 -1.462772 -0.925774 0.015030 0.377779 43.641445
0.375758 -0.077759 0.923450 134.327148 0.043801 0.996850 0.066117 -1.460578 -0.925682 0.015604 0.377980 43.617182
0.375751 -0.077129 0.923506 134.515204 0.045546 0.996863 0.064724 -1.445642 -0.925601 0.017742 0.378085 43.605977
0.375758 -0.076601 0.923546 134.662259 0.047566 0.996858 0.063329 -1.426652 -0.925496 0.020134 0.378221 43.609563
0.376002 -0.075825 0.923511 134.749148 0.046620 0.996932 0.062873 -1.420733 -0.925445 0.019414 0.378384 43.604147
0.376405 -0.075128 0.923404 134.840056 0.045396 0.997005 0.062611 -1.410694 -0.925343 0.018352 0.378688 43.603483
0.378095 -0.074076 0.922799 134.879389 0.035536 0.997220 0.065490 -1.446689 -0.925085 0.008031 0.379676 43.562464
0.379063 -0.070854 0.922654 134.996093 0.028677 0.997485 0.064819 -1.400509 -0.924926 0.001889 0.380142 43.577131
0.380627 -0.068415 0.922195 135.072907 0.019149 0.997629 0.066107 -1.351751 -0.924530 -0.007503 0.381034 43.568404
0.381613 -0.068696 0.921766 135.097778 0.017435 0.997592 0.067129 -1.327308 -0.924158 -0.009546 0.381891 43.582795
0.383209 -0.068154 0.921144 135.145037 0.010592 0.997533 0.069400 -1.319535 -0.923601 -0.016838 0.382985 43.573518
0.384372 -0.065261 0.920869 135.288722 0.007515 0.997686 0.067568 -1.271341 -0.923148 -0.019051 0.383974 43.636849
0.385804 -0.063883 0.920367 135.429685 0.004033 0.997707 0.067560 -1.268072 -0.922572 -0.022353 0.385176 43.658833
0.387186 -0.063741 0.919796 135.576426 0.004910 0.997736 0.067076 -1.248288 -0.921989 -0.021455 0.386622 43.710775
0.388594 -0.063871 0.919193 135.632444 0.001126 0.997627 0.068845 -1.222068 -0.921408 -0.025718 0.387744 43.717309
0.390195 -0.063007 0.918574 135.685722 -0.003686 0.997541 0.069989 -1.183925 -0.920725 -0.030696 0.389004 43.744865
0.391713 -0.061636 0.918021 135.695722 -0.010625 0.997384 0.071497 -1.164504 -0.920026 -0.037760 0.390033 43.765488
0.392939 -0.062837 0.917415 135.740333 -0.010356 0.997297 0.072744 -1.171403 -0.919506 -0.038085 0.391226 43.793104
0.392979 -0.061678 0.917477 135.807537 -0.007586 0.997497 0.070306 -1.139830 -0.919516 -0.034589 0.391527 43.880805
0.393978 -0.062294 0.917006 135.832833 -0.009855 0.997357 0.071986 -1.170281 -0.919067 -0.037398 0.392323 43.891691
0.394221 -0.060493 0.917023 135.899426 -0.009380 0.997514 0.069835 -1.166680 -0.918968 -0.036132 0.392674 43.955595
0.395337 -0.058765 0.916655 135.961204 -0.012662 0.997508 0.069409 -1.143340 -0.918449 -0.039047 0.393607 43.998520
0.396323 -0.056344 0.916381 136.018944 -0.018192 0.997437 0.069195 -1.136361 -0.917931 -0.044094 0.394282 44.021615
0.397262 -0.055364 0.916034 136.072889 -0.019174 0.997460 0.068601 -1.108188 -0.917505 -0.044817 0.395192 44.071571
0.398074 -0.054387 0.915740 136.114833 -0.021273 0.997425 0.068485 -1.086758 -0.917106 -0.046743 0.395892 44.105953
0.397913 -0.050778 0.916017 136.120630 -0.029897 0.997219 0.068267 -1.062419 -0.916936 -0.054550 0.395288 44.123081
0.398016 -0.047867 0.916129 136.260259 -0.028547 0.997508 0.064521 -1.037413 -0.916934 -0.051833 0.395657 44.197709
0.398690 -0.046641 0.915899 136.241241 -0.033431 0.997303 0.065339 -1.033246 -0.916476 -0.056669 0.396055 44.219169
0.399584 -0.044667 0.915608 136.308130 -0.036704 0.997232 0.064668 -1.010636 -0.915961 -0.059447 0.396838 44.261537
0.400807 -0.045002 0.915057 136.285278 -0.041164 0.996900 0.067058 -1.022618 -0.915238 -0.064545 0.397711 44.272991
0.401545 -0.043432 0.914809 136.356556 -0.041543 0.996983 0.065568 -0.999642 -0.914897 -0.064333 0.398530 44.325787
0.402296 -0.041510 0.914568 136.382241 -0.044925 0.996873 0.065006 -0.985424 -0.914407 -0.067239 0.399174 44.382389
0.402403 -0.040222 0.914579 136.447389 -0.043029 0.997099 0.062784 -0.968501 -0.914451 -0.064617 0.399505 44.470917
0.402774 -0.039063 0.914465 136.495167 -0.044662 0.997060 0.062262 -0.955623 -0.914209 -0.065919 0.399846 44.510564
0.403446 -0.038403 0.914197 136.543704 -0.045250 0.997059 0.061853 -0.955543 -0.913884 -0.066322 0.400521 44.551944
0.403424 -0.036643 0.914279 136.560241 -0.047070 0.997044 0.060730 -0.944392 -0.913802 -0.067535 0.400507 44.593330
0.403511 -0.035831 0.914273 136.586648 -0.047535 0.997063 0.060055 -0.940725 -0.913739 -0.067693 0.400623 44.634985
0.403326 -0.034579 0.914403 136.593000 -0.048605 0.997066 0.059143 -0.934716 -0.913764 -0.068298 0.400462 44.669146
0.402825 -0.033856 0.914651 136.613833 -0.048351 0.997133 0.058203 -0.920382 -0.913999 -0.067670 0.400033 44.685859
0.402428 -0.033486 0.914839 136.607000 -0.050942 0.996963 0.058901 -0.919450 -0.914033 -0.070307 0.399500 44.665771
0.400976 -0.033255 0.915485 136.553741 -0.053642 0.996774 0.059702 -0.900293 -0.914517 -0.073047 0.397898 44.671851
0.400003 -0.033286 0.915909 136.547741 -0.055130 0.996657 0.060298 -0.871959 -0.914854 -0.074613 0.396830 44.654944
0.398683 -0.032052 0.916529 136.585741 -0.056763 0.996610 0.059544 -0.854537 -0.915331 -0.075764 0.395512 44.628916
0.396683 -0.031195 0.917425 136.654000 -0.051883 0.997063 0.056336 -0.865418 -0.916488 -0.069946 0.393900 44.626270
0.395040 -0.030244 0.918166 136.867889 -0.043736 0.997706 0.051681 -0.856114 -0.917622 -0.060574 0.392811 44.634564
0.393509 -0.029044 0.918862 137.032241 -0.041212 0.997939 0.049193 -0.874084 -0.918396 -0.057226 0.391501 44.631340
0.391997 -0.023939 0.919655 137.165389 -0.044800 0.997979 0.045073 -0.823223 -0.918875 -0.058869 0.390132 44.629585
0.391286 -0.023541 0.919968 137.265759 -0.042688 0.998132 0.043698 -0.799243 -0.919279 -0.056370 0.389550 44.619314
0.391703 -0.026921 0.919698 137.301870 -0.043810 0.997892 0.047869 -0.803461 -0.919048 -0.059043 0.389698 44.530193
0.391488 -0.035422 0.919501 137.299630 -0.034967 0.997964 0.053332 -0.820313 -0.919519 -0.053031 0.389453 44.472737
0.390430 -0.036015 0.919928 137.332500 -0.032975 0.998046 0.053069 -0.790846 -0.920042 -0.051055 0.388479 44.461359
0.389141 -0.030468 0.920674 137.436778 -0.040026 0.997950 0.049943 -0.762759 -0.920308 -0.056286 0.387123 44.448664
0.388454 -0.027400 0.921061 137.549556 -0.041894 0.997999 0.047357 -0.738117 -0.920515 -0.056983 0.386528 44.438695
0.385526 -0.031984 0.922142 137.430296 -0.042061 0.997751 0.052191 -0.767274 -0.921738 -0.058907 0.383313 44.414590
0.384549 -0.033830 0.922485 137.462648 -0.037679 0.997920 0.052303 -0.727052 -0.922335 -0.054871 0.382474 44.400690
0.383065 -0.032779 0.923140 137.477352 -0.037296 0.998006 0.050913 -0.699522 -0.922968 -0.053933 0.381078 44.381056
0.380939 -0.030677 0.924091 137.451519 -0.042443 0.997816 0.050621 -0.694215 -0.923626 -0.058505 0.378804 44.378059
0.379043 -0.027393 0.924973 137.474741 -0.041531 0.998051 0.046577 -0.650339 -0.924446 -0.056070 0.377167 44.405021
0.376423 -0.025163 0.926106 137.401667 -0.045674 0.997911 0.045679 -0.658650 -0.925321 -0.059493 0.374487 44.438036
0.374624 -0.023474 0.926880 137.414148 -0.042199 0.998212 0.042336 -0.627586 -0.926216 -0.054974 0.372964 44.438571
0.373491 -0.026781 0.927248 137.317185 -0.045818 0.997831 0.047275 -0.669218 -0.926502 -0.060141 0.371453 44.434208
0.372474 -0.024181 0.927728 137.369611 -0.046073 0.997946 0.044510 -0.614381 -0.926898 -0.059322 0.370595 44.428230
0.371380 -0.022899 0.928199 137.417333 -0.045651 0.998036 0.042887 -0.598370 -0.927358 -0.058301 0.369606 44.402899
0.369114 -0.022159 0.929120 137.455796 -0.037915 0.998524 0.038877 -0.626088 -0.928611 -0.049577 0.367729 44.410734
0.366393 -0.016962 0.930306 137.500944 -0.039304 0.998659 0.033688 -0.638286 -0.929630 -0.048908 0.365235 44.409222
0.364588 -0.013765 0.931067 137.573204 -0.041816 0.998640 0.031138 -0.653716 -0.930230 -0.050286 0.363516 44.409638
0.363588 -0.016357 0.931416 137.563352 -0.038528 0.998726 0.032578 -0.635150 -0.930763 -0.047730 0.362494 44.393810
0.361362 -0.023288 0.932135 137.435500 -0.041748 0.998281 0.041125 -0.711902 -0.931490 -0.053776 0.359769 44.326543
0.360063 -0.027424 0.932525 137.416370 -0.035990 0.998416 0.043258 -0.713346 -0.932234 -0.049137 0.358506 44.313010
0.357867 -0.027217 0.933376 137.385963 -0.037345 0.998358 0.043430 -0.727500 -0.933025 -0.050399 0.356263 44.312578
0.356654 -0.024262 0.933921 137.456259 -0.039934 0.998353 0.041187 -0.727433 -0.933383 -0.051985 0.355098 44.310694
0.357229 -0.023057 0.933732 137.626722 -0.035595 0.998633 0.038277 -0.698146 -0.933338 -0.046910 0.355920 44.307416
0.356755 -0.024621 0.933873 137.637241 -0.036828 0.998505 0.040393 -0.739518 -0.933472 -0.048803 0.355315 44.288348
0.356996 -0.027008 0.933715 137.659574 -0.036305 0.998425 0.042760 -0.743637 -0.933400 -0.049164 0.355453 44.292706
0.356241 -0.029134 0.933940 137.717741 -0.039974 0.998124 0.046384 -0.780753 -0.933539 -0.053857 0.354408 44.274638
0.357853 -0.028202 0.933352 137.894815 -0.038803 0.998231 0.045040 -0.751459 -0.932971 -0.052335 0.356125 44.259534
0.357353 -0.030216 0.933481 137.878259 -0.040720 0.998022 0.047894 -0.747462 -0.933082 -0.055126 0.355415 44.272429
0.359082 -0.033142 0.932718 138.039148 -0.038870 0.997971 0.050425 -0.784688 -0.932496 -0.054361 0.357065 44.253724
0.359279 -0.035255 0.932564 138.062926 -0.037071 0.997958 0.052010 -0.751494 -0.932493 -0.053257 0.357239 44.294747
0.360013 -0.038764 0.932141 138.193815 -0.033771 0.997940 0.054543 -0.796333 -0.932336 -0.051116 0.357963 44.296405
0.361793 -0.038686 0.931456 138.411241 -0.032318 0.998018 0.054003 -0.772078 -0.931698 -0.049641 0.359825 44.300174
0.362738 -0.041239 0.930978 138.535056 -0.029996 0.997986 0.055895 -0.785550 -0.931408 -0.048201 0.360771 44.318983
0.364294 -0.044398 0.930225 138.670574 -0.026254 0.997976 0.057913 -0.804100 -0.930914 -0.045520 0.362391 44.325020
0.365947 -0.045044 0.929545 138.802648 -0.023216 0.998075 0.057505 -0.764061 -0.930346 -0.042624 0.364197 44.353267
0.367069 -0.044548 0.929126 138.944611 -0.024259 0.998054 0.057437 -0.756557 -0.929877 -0.043623 0.365275 44.372378
0.368727 -0.039870 0.928682 139.091685 -0.025088 0.998289 0.052819 -0.675848 -0.929199 -0.042775 0.367096 44.414573
0.370106 -0.040257 0.928117 139.230426 -0.026628 0.998190 0.053915 -0.692890 -0.928608 -0.044669 0.368364 44.438755
0.371348 -0.039011 0.927674 139.403537 -0.031818 0.997996 0.054705 -0.698696 -0.927948 -0.049831 0.369362 44.478110
0.373112 -0.037666 0.927021 139.591463 -0.033738 0.997964 0.054127 -0.689613 -0.927173 -0.051471 0.371082 44.493208
0.375097 -0.036885 0.926251 139.825870 -0.034971 0.997934 0.053901 -0.671242 -0.926326 -0.052610 0.373032 44.521969
0.376213 -0.040353 0.925654 139.946796 -0.035474 0.997691 0.057911 -0.708441 -0.925854 -0.054623 0.373913 44.519614
0.381028 -0.039800 0.923706 140.392167 -0.029349 0.998049 0.055109 -0.605996 -0.924097 -0.048108 0.379117 44.565892
0.380541 -0.043486 0.923741 141.927426 -0.034535 0.997529 0.061187 -0.568524 -0.924119 -0.055186 0.378099 44.755546
0.380842 -0.044243 0.923581 142.063574 -0.030355 0.997718 0.060312 -0.539376 -0.924142 -0.051005 0.378629 44.773868
0.380306 -0.046864 0.923673 142.199667 -0.026695 0.997743 0.061613 -0.583189 -0.924475 -0.048089 0.378197 44.799075
0.379578 -0.049503 0.923834 142.188963 -0.027866 0.997503 0.064900 -0.597069 -0.924740 -0.050378 0.377251 44.809000
0.380539 -0.047460 0.923546 142.371481 -0.023338 0.997871 0.060895 -0.501495 -0.924470 -0.044727 0.378622 44.833154
0.377396 -0.050948 0.924650 142.351704 -0.030387 0.997266 0.067351 -0.551193 -0.925553 -0.053515 0.374816 44.865587
0.376082 -0.050314 0.925219 142.366259 -0.030234 0.997327 0.066524 -0.544621 -0.926093 -0.052992 0.373555 44.882451
0.375391 -0.050865 0.925470 142.409981 -0.027269 0.997455 0.065882 -0.546791 -0.926466 -0.049969 0.373048 44.900660
0.373042 -0.053697 0.926259 142.387519 -0.028707 0.997178 0.069370 -0.598164 -0.927370 -0.052468 0.370448 44.908803
0.372108 -0.051156 0.926779 142.413000 -0.028194 0.997396 0.066374 -0.540198 -0.927761 -0.050828 0.369697 44.963532
0.370922 -0.053562 0.927118 142.459352 -0.028964 0.997182 0.069198 -0.588553 -0.928212 -0.052520 0.368326 44.937617
0.370961 -0.051860 0.927199 142.529278 -0.030191 0.997238 0.067857 -0.549995 -0.928158 -0.053165 0.368370 44.944178
0.371071 -0.056606 0.926877 142.592333 -0.026644 0.997080 0.071560 -0.571372 -0.928222 -0.051250 0.368480 44.957263
0.371125 -0.053224 0.927056 142.689093 -0.028812 0.997215 0.068786 -0.534023 -0.928136 -0.052238 0.368558 44.975963
0.370856 -0.052595 0.927200 142.822222 -0.027332 0.997344 0.067506 -0.530529 -0.928288 -0.050378 0.368433 44.983463
0.369999 -0.054795 0.927415 142.841870 -0.024520 0.997335 0.068708 -0.563778 -0.928709 -0.048162 0.367669 44.971049
0.370534 -0.058320 0.926986 142.854704 -0.021319 0.997230 0.071261 -0.540479 -0.928574 -0.046167 0.368265 44.962031
0.370928 -0.061014 0.926655 142.897611 -0.019098 0.997127 0.073298 -0.525393 -0.928465 -0.044886 0.368697 44.961653
0.370723 -0.061347 0.926715 142.976074 -0.015167 0.997283 0.072086 -0.521876 -0.928620 -0.040780 0.368786 44.984932
0.370717 -0.059507 0.926838 143.164889 -0.008702 0.997679 0.067536 -0.520872 -0.928705 -0.033102 0.369339 45.001424
0.371897 -0.058758 0.926412 143.337426 -0.003144 0.997909 0.064555 -0.499620 -0.928269 -0.026920 0.370935 45.025675
0.372584 -0.063194 0.925844 143.366815 0.005110 0.997803 0.066049 -0.514626 -0.927984 -0.019878 0.372089 45.073244
0.373466 -0.063926 0.925439 143.397056 0.007990 0.997807 0.065700 -0.505786 -0.927609 -0.017142 0.373158 45.111217
0.373746 -0.063637 0.925346 143.460111 0.008323 0.997834 0.065260 -0.535175 -0.927494 -0.016689 0.373466 45.124490
0.374353 -0.064755 0.925022 143.427593 0.009944 0.997782 0.065824 -0.531187 -0.927233 -0.015443 0.374167 45.178862
0.374554 -0.069930 0.924565 143.311463 0.012245 0.997438 0.070481 -0.538236 -0.927124 -0.015077 0.374450 45.220070
0.376160 -0.069623 0.923935 143.248185 0.006345 0.997343 0.072571 -0.488697 -0.926533 -0.021436 0.375602 45.271186
0.376960 -0.071099 0.923497 143.210370 0.003299 0.997146 0.075423 -0.491922 -0.926224 -0.025385 0.376119 45.311054
0.378889 -0.069793 0.922807 143.227759 -0.000892 0.997124 0.075779 -0.461734 -0.925442 -0.029535 0.377737 45.361712
0.380562 -0.070359 0.922075 143.202574 -0.002681 0.997013 0.077183 -0.432548 -0.924752 -0.031845 0.379236 45.427149
0.382289 -0.071279 0.921290 143.156815 -0.002301 0.996944 0.078087 -0.422025 -0.924040 -0.031971 0.380957 45.523841
0.385364 -0.070703 0.920052 143.223056 -0.002008 0.996994 0.077457 -0.415026 -0.922763 -0.031697 0.384063 45.601639
0.387209 -0.072377 0.919147 143.134093 0.002841 0.997003 0.077311 -0.384810 -0.921987 -0.027324 0.386254 45.762521
0.389802 -0.072719 0.918023 143.018926 0.005558 0.997045 0.076619 -0.318626 -0.920882 -0.024764 0.389054 45.968580
0.392235 -0.072013 0.917042 142.921926 0.003649 0.997045 0.076735 -0.267518 -0.919858 -0.026752 0.391339 46.135391
0.396201 -0.071713 0.915359 142.897685 0.004072 0.997073 0.076352 -0.211479 -0.918155 -0.026523 0.395333 46.302241
0.398644 -0.071526 0.914312 142.759407 0.002908 0.997048 0.076731 -0.165409 -0.917101 -0.027929 0.397675 46.500097
0.400997 -0.070905 0.913331 142.617074 0.000749 0.997025 0.077073 -0.111903 -0.916079 -0.030222 0.399857 46.685473
0.403182 -0.071155 0.912349 142.568370 -0.000011 0.996972 0.077760 -0.074876 -0.915120 -0.031361 0.401961 46.823146
0.405464 -0.071481 0.911312 142.503685 -0.000975 0.996904 0.078628 -0.058653 -0.914111 -0.032769 0.404139 46.957903
0.406553 -0.071506 0.910825 142.358407 -0.001185 0.996890 0.078791 -0.024692 -0.913627 -0.033112 0.405204 47.102510
0.407772 -0.071546 0.910276 142.340870 -0.000386 0.996912 0.078529 -0.005768 -0.913084 -0.032373 0.406485 47.210920
0.408470 -0.074870 0.909696 142.263111 0.004584 0.996786 0.079980 -0.031022 -0.912760 -0.028499 0.407500 47.320897
0.409413 -0.074979 0.909263 142.184352 0.004550 0.996773 0.080146 -0.009606 -0.912338 -0.028676 0.408432 47.433168
0.409937 -0.076326 0.908915 142.112519 0.005353 0.996677 0.081281 -0.004221 -0.912098 -0.028454 0.408983 47.522873
0.411228 -0.077190 0.908259 142.159463 0.007446 0.996659 0.081332 -0.009362 -0.911502 -0.026683 0.410428 47.594320
0.412579 -0.079527 0.907443 142.193611 0.009834 0.996513 0.082861 -0.005167 -0.910868 -0.025263 0.411923 47.701624
0.414300 -0.081611 0.906474 142.227426 0.011304 0.996356 0.084537 -0.005452 -0.910070 -0.024777 0.413713 47.785388
0.415999 -0.083699 0.905505 142.189648 0.012032 0.996175 0.086552 -0.010756 -0.909285 -0.025111 0.415415 47.881406
0.417414 -0.085685 0.904668 142.086093 0.012116 0.995981 0.088744 -0.006927 -0.908636 -0.026082 0.416774 48.000800
0.418872 -0.089200 0.903653 142.105704 0.013583 0.995668 0.091986 -0.008579 -0.907944 -0.026256 0.418269 48.073079
0.420713 -0.090932 0.902625 142.120630 0.013931 0.995494 0.093795 0.008458 -0.907087 -0.026887 0.420084 48.174707
0.421978 -0.091816 0.901945 142.144444 0.014385 0.995411 0.094600 0.020002 -0.906492 -0.026945 0.421362 48.287961
0.423129 -0.089654 0.901623 142.186889 0.012928 0.995589 0.092930 0.016469 -0.905977 -0.027665 0.422422 48.398045
0.424387 -0.087418 0.901251 142.188611 0.012059 0.995786 0.090909 0.011982 -0.905401 -0.027712 0.423653 48.517115
0.425208 -0.089030 0.900706 142.165037 0.013296 0.995657 0.092139 -0.009246 -0.904998 -0.027203 0.424545 48.602948
0.426983 -0.093763 0.899385 142.089667 0.014240 0.995183 0.096990 -0.027564 -0.904147 -0.028606 0.426262 48.665945
0.427610 -0.098850 0.898543 142.084722 0.013350 0.994585 0.103063 -0.058466 -0.903865 -0.032075 0.426614 48.653276
0.428865 -0.097881 0.898050 142.015333 0.010729 0.994595 0.103279 -0.081433 -0.903305 -0.034657 0.427597 48.747010
0.428683 -0.094256 0.898524 142.053833 0.009421 0.994955 0.099877 -0.097412 -0.903406 -0.034351 0.427409 48.793763
0.428484 -0.091037 0.898951 142.121389 0.008573 0.995276 0.096706 -0.097114 -0.903509 -0.033730 0.427241 48.809536
0.428669 -0.092383 0.898726 142.063667 0.009981 0.995182 0.097538 -0.139865 -0.903406 -0.032841 0.427526 48.840721
0.429399 -0.096279 0.897968 142.178500 0.007895 0.994663 0.102871 -0.128111 -0.903080 -0.037083 0.427868 48.742862
0.429609 -0.101888 0.897248 142.103426 0.007999 0.994004 0.109046 -0.147105 -0.902979 -0.039670 0.427849 48.730172
0.429674 -0.105670 0.896780 142.114204 0.009653 0.993610 0.112455 -0.166434 -0.902932 -0.039662 0.427949 48.701876
0.429270 -0.108420 0.896645 142.122648 0.011725 0.993354 0.114501 -0.187540 -0.903100 -0.038639 0.427689 48.675794
0.428688 -0.109567 0.896784 142.194852 0.013571 0.993288 0.114871 -0.179886 -0.903350 -0.037073 0.427298 48.645090
0.428713 -0.109497 0.896781 142.210352 0.014790 0.993346 0.114218 -0.181273 -0.903320 -0.035703 0.427480 48.648584
0.427256 -0.115991 0.896660 142.224537 0.022580 0.992796 0.117667 -0.183319 -0.903849 -0.030028 0.426797 48.600184
0.426631 -0.121227 0.896265 142.248963 0.028906 0.992298 0.120457 -0.199396 -0.903964 -0.025483 0.426849 48.570338
0.427028 -0.117735 0.896541 142.293000 0.025893 0.992673 0.118027 -0.195879 -0.903868 -0.027187 0.426948 48.578513
0.425320 -0.115011 0.897706 142.534537 0.028404 0.993101 0.113775 -0.146320 -0.904597 -0.022892 0.425653 48.559667
0.423583 -0.117566 0.898196 142.608889 0.037668 0.992971 0.112207 -0.206294 -0.905074 -0.013696 0.425034 48.580981
0.423912 -0.117561 0.898041 142.628556 0.035504 0.992935 0.113224 -0.198670 -0.905007 -0.016113 0.425091 48.555536
0.423910 -0.120973 0.897589 142.634759 0.035500 0.992497 0.116999 -0.184177 -0.905008 -0.017733 0.425024 48.518779
0.423580 -0.123523 0.897397 142.649185 0.037360 0.992199 0.118938 -0.207540 -0.905088 -0.016853 0.424890 48.494020
0.422523 -0.126253 0.897516 142.722259 0.042582 0.991922 0.119487 -0.236772 -0.905352 -0.012267 0.424486 48.482879
0.422053 -0.124352 0.898002 142.831130 0.043619 0.992186 0.116894 -0.222589 -0.905521 -0.010165 0.424179 48.469142
0.422154 -0.124179 0.897978 142.912130 0.044394 0.992217 0.116341 -0.222366 -0.905436 -0.009250 0.424382 48.453838
0.422057 -0.126995 0.897630 142.936907 0.045707 0.991861 0.118836 -0.233921 -0.905416 -0.009128 0.424427 48.434587
0.421839 -0.131542 0.897078 142.967907 0.048205 0.991274 0.122686 -0.238657 -0.905388 -0.008510 0.424499 48.421989
0.422435 -0.132432 0.896666 142.982630 0.049946 0.991167 0.122858 -0.249407 -0.905016 -0.007115 0.425318 48.436785
0.420640 -0.137648 0.896725 143.082407 0.060287 0.990479 0.123759 -0.271383 -0.905222 0.002003 0.424934 48.428933
0.418996 -0.142751 0.896696 143.127204 0.069947 0.989704 0.124874 -0.291631 -0.905290 0.010400 0.424667 48.442833
0.418775 -0.149216 0.895746 143.142889 0.080177 0.988631 0.127205 -0.328488 -0.904543 0.018548 0.425978 48.477733
0.417173 -0.153012 0.895854 143.193574 0.086659 0.987931 0.128385 -0.330878 -0.904686 0.024075 0.425398 48.488053
0.416264 -0.156124 0.895740 143.173352 0.091418 0.987342 0.129606 -0.343824 -0.904637 0.027936 0.425267 48.495019
0.415926 -0.161900 0.894871 143.170556 0.094708 0.986386 0.134437 -0.351464 -0.904454 0.028836 0.425596 48.484532
0.416118 -0.170179 0.893244 143.101481 0.099455 0.984955 0.141320 -0.392468 -0.903855 0.030031 0.426783 48.474828
0.416819 -0.174644 0.892054 143.072667 0.101332 0.984180 0.145332 -0.424348 -0.903324 0.029817 0.427922 48.472916
0.410322 -0.178518 0.894297 142.984074 0.104891 0.983383 0.148174 -0.474901 -0.905888 0.033005 0.422229 48.529400
0.408280 -0.179289 0.895077 143.024222 0.108672 0.983096 0.147350 -0.474659 -0.906365 0.037109 0.420862 48.554424
0.407214 -0.179201 0.895580 143.059352 0.110856 0.983011 0.146290 -0.473453 -0.906580 0.039709 0.420161 48.576542
0.406232 -0.183273 0.895202 143.067981 0.114752 0.982156 0.149002 -0.489738 -0.906536 0.042197 0.420014 48.589357
0.405168 -0.188364 0.894627 143.077574 0.119246 0.981074 0.152560 -0.515880 -0.906432 0.044868 0.419962 48.606064
0.404605 -0.190374 0.894456 143.199981 0.119640 0.980704 0.154612 -0.476819 -0.906632 0.044456 0.419575 48.631482
0.403690 -0.191139 0.894707 143.245500 0.119001 0.980595 0.155795 -0.494541 -0.907123 0.043579 0.418603 48.633539
0.403140 -0.191469 0.894884 143.302630 0.117980 0.980581 0.156656 -0.484633 -0.907501 0.042424 0.417901 48.633604
0.399619 -0.196452 0.895383 143.229722 0.122624 0.979444 0.160166 -0.518496 -0.908443 0.045790 0.415494 48.649097
0.397552 -0.200790 0.895341 143.164056 0.125196 0.978509 0.163851 -0.540676 -0.908999 0.046954 0.414146 48.652499
0.394912 -0.202451 0.896135 143.048130 0.122612 0.978306 0.166981 -0.558451 -0.910500 0.043934 0.411168 48.667246
0.384900 -0.205750 0.899733 142.876722 0.126715 0.977385 0.169300 -0.584529 -0.914219 0.048846 0.402267 48.752582
0.381563 -0.205290 0.901258 142.906944 0.128369 0.977346 0.168275 -0.570382 -0.915386 0.051486 0.399272 48.762351
0.377958 -0.204828 0.902881 142.950852 0.132268 0.977162 0.166311 -0.599274 -0.916326 0.056564 0.396418 48.787099
0.376776 -0.199717 0.904518 142.997778 0.129417 0.978253 0.162089 -0.603055 -0.917219 0.055989 0.394428 48.802646
0.369836 -0.198914 0.907554 143.084778 0.132794 0.978101 0.160261 -0.602417 -0.919558 0.061247 0.388151 48.889586
0.367237 -0.196023 0.909237 143.114593 0.127116 0.978946 0.159709 -0.566418 -0.921400 0.056928 0.384422 48.911094
0.361806 -0.201682 0.910176 143.060037 0.128193 0.977807 0.165710 -0.594731 -0.923397 0.056723 0.379631 48.960191
0.355637 -0.209014 0.910953 142.964148 0.130801 0.976212 0.172922 -0.640317 -0.925426 0.057657 0.374516 48.997683
0.352858 -0.210017 0.911803 142.892370 0.128524 0.976127 0.175096 -0.636568 -0.926808 0.055405 0.371426 48.998504
0.346321 -0.211126 0.914050 142.788630 0.129825 0.975758 0.176190 -0.663356 -0.929090 0.057649 0.365335 49.040078
0.343908 -0.209169 0.915410 142.771296 0.128136 0.976209 0.174922 -0.661590 -0.930219 0.057140 0.362528 49.048178
0.339963 -0.210181 0.916651 142.752296 0.131265 0.975769 0.175054 -0.679298 -0.931233 0.060813 0.359315 49.068823
0.337657 -0.208177 0.917960 144.046259 0.129632 0.976228 0.173708 -0.410450 -0.932300 0.060343 0.356617 49.233922
0.332898 -0.208955 0.919520 144.089500 0.130689 0.975952 0.174465 -0.422625 -0.933863 0.062092 0.352200 49.293738
0.329863 -0.206927 0.921071 144.183370 0.127767 0.976490 0.173620 -0.387067 -0.935343 0.060411 0.348546 49.328017
0.325288 -0.203773 0.923398 144.190759 0.122312 0.977369 0.172596 -0.369318 -0.937671 0.056799 0.342850 49.389890
0.322353 -0.204945 0.924168 144.308556 0.123881 0.977019 0.173456 -0.348421 -0.938479 0.058573 0.340334 49.409671
0.319309 -0.206446 0.924890 144.282407 0.123304 0.976736 0.175449 -0.359692 -0.939595 0.058020 0.337336 49.428981
0.319532 -0.207507 0.924576 144.468796 0.119989 0.976734 0.177745 -0.325595 -0.939948 0.054144 0.336997 49.439128
0.318660 -0.209468 0.924435 144.538815 0.119326 0.976383 0.180106 -0.315606 -0.940328 0.052916 0.336129 49.459734
0.319866 -0.211083 0.923650 145.556148 0.119966 0.976044 0.181511 -0.123715 -0.939837 0.052748 0.337526 49.562717
0.320256 -0.213243 0.923019 146.274537 0.121789 0.975518 0.183115 -0.003430 -0.939470 0.053770 0.338386 49.649522
0.322425 -0.210842 0.922815 147.102889 0.117616 0.976247 0.181955 0.174842 -0.939260 0.049871 0.339565 49.745459
0.320408 -0.207720 0.924225 147.272963 0.112263 0.977113 0.180687 0.221019 -0.940604 0.045862 0.336394 49.821610
0.321064 -0.206791 0.924205 148.154852 0.112114 0.977307 0.179725 0.400016 -0.940398 0.045913 0.336962 49.935809
0.322812 -0.207453 0.923448 148.967722 0.113329 0.977135 0.179897 0.537405 -0.939654 0.046581 0.338942 50.020076
0.320044 -0.207898 0.924311 149.025648 0.109780 0.977192 0.181780 0.548404 -0.941021 0.043293 0.335567 50.084120
0.317735 -0.209598 0.924723 149.153352 0.107861 0.976921 0.184368 0.544528 -0.942025 0.041161 0.333010 50.118604
0.316910 -0.210296 0.924848 149.945481 0.107786 0.976778 0.185170 0.678944 -0.942311 0.041003 0.332218 50.235692
0.317075 -0.210497 0.924746 150.487981 0.107626 0.976746 0.185431 0.786340 -0.942274 0.040731 0.332357 50.303435
0.317894 -0.210460 0.924473 151.422759 0.108553 0.976720 0.185027 0.981697 -0.941892 0.041535 0.333339 50.404712
0.319185 -0.211949 0.923687 152.098389 0.111102 0.976318 0.185633 1.082150 -0.941157 0.043372 0.335174 50.458383
0.318737 -0.212696 0.923670 152.910593 0.113440 0.976053 0.185613 1.224467 -0.941030 0.045619 0.335232 50.563705
0.319596 -0.211976 0.923539 153.626426 0.112661 0.976243 0.185086 1.371086 -0.940832 0.044894 0.335885 50.647178
0.320668 -0.211821 0.923203 154.315093 0.112644 0.976285 0.184874 1.492488 -0.940470 0.044710 0.336923 50.725705
0.321713 -0.210812 0.923070 155.000889 0.110970 0.976575 0.184355 1.620302 -0.940312 0.043124 0.337571 50.801931
0.322624 -0.210625 0.922795 155.731074 0.110850 0.976626 0.184157 1.769784 -0.940014 0.042878 0.338431 50.883066
0.323431 -0.210619 0.922514 156.431444 0.111098 0.976623 0.184022 1.899211 -0.939707 0.042971 0.339269 50.960480
0.323445 -0.210470 0.922543 157.085426 0.108958 0.976749 0.184636 2.017037 -0.939953 0.040799 0.338857 51.052577
0.323560 -0.212072 0.922136 157.702648 0.108374 0.976452 0.186537 2.115524 -0.939981 0.039580 0.338925 51.118630
0.323354 -0.212308 0.922154 158.291648 0.107962 0.976420 0.186945 2.237935 -0.940099 0.039108 0.338651 51.195035
0.323656 -0.213055 0.921875 158.933111 0.108854 0.976233 0.187401 2.364517 -0.939893 0.039696 0.339156 51.262000
0.323027 -0.212862 0.922141 159.609000 0.110381 0.976201 0.186674 2.465374 -0.939931 0.041486 0.338835 51.363353
0.323853 -0.209182 0.922693 160.267667 0.108444 0.977031 0.183439 2.605133 -0.939872 0.040653 0.339099 51.434314
0.323277 -0.206311 0.923541 160.911315 0.108225 0.977602 0.180504 2.723676 -0.940096 0.041597 0.338364 51.517652
0.322948 -0.204284 0.924106 161.462815 0.107591 0.978021 0.178602 2.828122 -0.940281 0.041746 0.337829 51.599884
0.323543 -0.203663 0.924035 162.106167 0.109798 0.978045 0.177123 2.962078 -0.939822 0.044150 0.338801 51.662421
0.323548 -0.204010 0.923957 162.605741 0.110224 0.977958 0.177336 3.048098 -0.939770 0.044465 0.338903 51.708812
0.322135 -0.205248 0.924176 163.096426 0.109269 0.977751 0.179059 3.127635 -0.940366 0.043303 0.337396 51.772230
0.319854 -0.205916 0.924820 163.590241 0.107374 0.977687 0.180551 3.220359 -0.941363 0.041551 0.334828 51.845627
0.318775 -0.206931 0.924966 164.190685 0.106749 0.977506 0.181896 3.309572 -0.941800 0.040755 0.333695 51.912689
0.317847 -0.207516 0.925154 164.712833 0.105892 0.977420 0.182859 3.410833 -0.942210 0.039845 0.332644 51.957304
0.314662 -0.208099 0.926111 165.235315 0.107767 0.977196 0.182962 3.535883 -0.943066 0.042233 0.329913 52.051410
0.314949 -0.209147 0.925778 165.656796 0.107008 0.977024 0.184321 3.590133 -0.943057 0.041014 0.330093 52.058516
0.312863 -0.209882 0.926319 166.050796 0.106956 0.976861 0.185209 3.667833 -0.943757 0.041130 0.328072 52.110918
0.313964 -0.210428 0.925822 166.641222 0.106141 0.976796 0.186019 3.756344 -0.943483 0.039865 0.329014 52.144663
0.311612 -0.211224 0.926436 167.074000 0.107721 0.976548 0.186416 3.856248 -0.944084 0.041707 0.327057 52.202324
0.310733 -0.211421 0.926686 167.518815 0.106218 0.976565 0.187184 3.929398 -0.944544 0.040267 0.325908 52.249482
0.309706 -0.211311 0.927054 167.915056 0.104412 0.976654 0.187735 4.000824 -0.945082 0.038653 0.324539 52.295560
0.308027 -0.217816 0.926108 168.283667 0.110487 0.975042 0.192577 3.992796 -0.944940 0.043004 0.324405 52.342762
0.306438 -0.217573 0.926692 168.677556 0.110894 0.975059 0.192258 4.077330 -0.945409 0.043850 0.322923 52.385341
0.304971 -0.217132 0.927279 169.035593 0.110893 0.975136 0.191867 4.141507 -0.945884 0.044315 0.321466 52.420122
0.303731 -0.216523 0.927828 169.427963 0.111591 0.975216 0.191051 4.210580 -0.946200 0.045509 0.320366 52.460681
0.302140 -0.215667 0.928547 169.742463 0.110311 0.975438 0.190664 4.279515 -0.946859 0.044822 0.318509 52.501867
0.301748 -0.215993 0.928599 170.131000 0.110771 0.975345 0.190871 4.361272 -0.946931 0.045267 0.318234 52.543712
0.300319 -0.216045 0.929049 170.456704 0.108510 0.975426 0.191753 4.405431 -0.947646 0.043224 0.316382 52.606876
0.302878 -0.218848 0.927562 170.934204 0.111068 0.974751 0.193714 4.468326 -0.946535 0.044351 0.319538 52.657328
0.305793 -0.219367 0.926482 171.290574 0.111177 0.974665 0.194080 4.543422 -0.945585 0.043655 0.322434 52.672259
0.308813 -0.218928 0.925584 171.633537 0.110328 0.974824 0.193765 4.617765 -0.944702 0.042281 0.325192 52.694442
0.310793 -0.219382 0.924813 171.951352 0.111171 0.974710 0.193859 4.675915 -0.943954 0.042563 0.327322 52.728446
0.313589 -0.219865 0.923754 172.366056 0.113348 0.974536 0.193473 4.752606 -0.942769 0.044035 0.330525 52.793257
0.316750 -0.220240 0.922585 172.742148 0.116724 0.974327 0.192517 4.834404 -0.941300 0.046708 0.334325 52.863964
0.323658 -0.219706 0.920312 173.071333 0.116688 0.974510 0.191608 4.874335 -0.938951 0.045374 0.341046 52.913185
0.332399 -0.218481 0.917484 173.399278 0.116575 0.974857 0.189908 4.943707 -0.935907 0.043830 0.349510 52.959123
0.343666 -0.219666 0.913040 173.808056 0.122913 0.974415 0.188168 5.027194 -0.931014 0.047557 0.361873 52.999720
0.354162 -0.219865 0.908971 174.208556 0.125488 0.974353 0.186786 5.092702 -0.926727 0.047912 0.372669 53.057533
0.371133 -0.222186 0.901606 174.914370 0.134011 0.973603 0.184765 5.226600 -0.918859 0.052253 0.391111 53.150483
0.367492 -0.219654 0.903715 174.638000 0.131058 0.974244 0.183502 5.142746 -0.920746 0.051004 0.386815 53.349316
0.385061 -0.218093 0.896752 175.011481 0.130895 0.974760 0.180859 5.195922 -0.913561 0.047739 0.403890 53.410369
0.403583 -0.216754 0.888897 175.418574 0.135439 0.974983 0.176253 5.268959 -0.904863 0.049258 0.422844 53.477647
0.420634 -0.214131 0.881598 175.767315 0.139414 0.975461 0.170411 5.344385 -0.896455 0.051226 0.440165 53.558231
0.439436 -0.210983 0.873145 176.171537 0.143915 0.976005 0.163408 5.454902 -0.886671 0.053851 0.459255 53.628334
0.458520 -0.209307 0.863684 176.507870 0.143863 0.976532 0.160279 5.482883 -0.876962 0.050761 0.477871 53.706483
0.473231 -0.204681 0.856830 176.880333 0.142990 0.977582 0.154553 5.552546 -0.869256 0.049379 0.491890 53.787688
0.480309 -0.199919 0.854012 177.168056 0.137417 0.978805 0.151847 5.597726 -0.866268 0.044422 0.497601 53.846672
0.482161 -0.198009 0.853412 177.526315 0.134769 0.979293 0.151074 5.661780 -0.865654 0.042172 0.498863 53.895483
0.480738 -0.196648 0.854529 177.888167 0.133339 0.979590 0.150414 5.739274 -0.866667 0.041633 0.497147 53.944747
0.474674 -0.196261 0.858001 178.251648 0.131655 0.979688 0.151260 5.803589 -0.870260 0.041161 0.490871 53.994568
0.461570 -0.196978 0.864958 178.660074 0.133339 0.979364 0.151878 5.887987 -0.877026 0.045230 0.478310 54.055026
0.446072 -0.197562 0.872920 179.012407 0.132352 0.979170 0.153975 5.947441 -0.885157 0.046849 0.462928 54.103680
0.427973 -0.199584 0.881479 179.293222 0.132226 0.978645 0.157387 5.985259 -0.894067 0.049198 0.445224 54.136296
0.406983 -0.200312 0.891201 179.638481 0.130249 0.978415 0.160435 6.047869 -0.904102 0.050784 0.424289 54.180900
0.386622 -0.200992 0.900070 179.995796 0.127412 0.978244 0.163720 6.113531 -0.913395 0.051382 0.403819 54.221184
0.368027 -0.201497 0.907720 180.370259 0.122002 0.978261 0.167691 6.172176 -0.921776 0.049029 0.384609 54.249750
0.349137 -0.202689 0.914888 180.741074 0.117729 0.978079 0.171762 6.232343 -0.929647 0.047740 0.365345 54.277776
0.331927 -0.204161 0.920947 181.113870 0.117213 0.977658 0.174487 6.301504 -0.935994 0.050030 0.348442 54.294408
0.313177 -0.204323 0.927455 181.492278 0.120149 0.977259 0.174724 6.392054 -0.942064 0.056714 0.330604 54.329724
0.298938 -0.205289 0.931930 181.912944 0.121602 0.976820 0.176171 6.481856 -0.946493 0.060660 0.316972 54.350136
0.289193 -0.207030 0.934616 182.227556 0.120092 0.976466 0.179141 6.515754 -0.949708 0.060434 0.307250 54.347058
0.277355 -0.208097 0.937961 182.645833 0.118625 0.976209 0.181505 6.577281 -0.953416 0.060925 0.295441 54.407376
0.268019 -0.212123 0.939771 182.950889 0.119229 0.975264 0.186131 6.614980 -0.956008 0.062161 0.286680 54.430434
0.258893 -0.212619 0.942214 183.297889 0.118727 0.975080 0.187413 6.688852 -0.958582 0.063347 0.277684 54.474444
0.256499 -0.211866 0.943038 183.620630 0.121296 0.975023 0.186060 6.770178 -0.958903 0.066662 0.275791 54.498096
0.257246 -0.211957 0.942814 183.916778 0.123536 0.974857 0.185454 6.821980 -0.958417 0.068764 0.276963 54.534708
0.261959 -0.213593 0.941146 184.208611 0.122609 0.974664 0.187073 6.846820 -0.957259 0.066388 0.281510 54.572778
0.271121 -0.215741 0.938056 184.486352 0.127077 0.974050 0.187291 6.886900 -0.954120 0.068427 0.291501 54.596430
0.283193 -0.216092 0.934401 184.791611 0.130948 0.973874 0.185534 6.952298 -0.950081 0.069816 0.304092 54.624510
0.295677 -0.214164 0.930972 185.024111 0.129571 0.974531 0.183033 6.990917 -0.946460 0.066508 0.315896 54.669546
0.312109 -0.212066 0.926076 185.239630 0.127639 0.975291 0.180318 7.023263 -0.941433 0.061924 0.331465 54.687690
0.328770 -0.210785 0.920587 185.480000 0.127755 0.975741 0.177788 7.084072 -0.935729 0.059158 0.347724 54.702216
0.343821 -0.212451 0.914687 185.665741 0.128469 0.975554 0.178299 7.115806 -0.930206 0.056206 0.362709 54.728244
0.359551 -0.214585 0.908117 185.787037 0.132376 0.975086 0.177998 7.122828 -0.923688 0.056213 0.378999 54.741474
0.370187 -0.216173 0.903455 186.049815 0.145824 0.974013 0.173304 7.159630 -0.917440 0.067591 0.392090 54.777276
0.385214 -0.211160 0.898344 186.283519 0.149283 0.974906 0.165144 7.230606 -0.910673 0.070492 0.407070 54.807570
0.399045 -0.208835 0.892833 186.435000 0.150986 0.975392 0.160663 7.252954 -0.904415 0.070694 0.420757 54.846666
0.415182 -0.206455 0.886002 186.556296 0.148156 0.976252 0.158059 7.286902 -0.897593 0.065644 0.435910 54.873288
0.430169 -0.204699 0.879235 186.672037 0.144805 0.976987 0.156611 7.328394 -0.891059 0.059948 0.449911 54.904338
0.443600 -0.205954 0.872240 186.784815 0.146739 0.976794 0.156013 7.342170 -0.884131 0.058784 0.463527 54.929070
0.455496 -0.206321 0.866000 186.905000 0.148834 0.976731 0.154419 7.367524 -0.877708 0.058553 0.475605 54.953046
0.468256 -0.207657 0.858845 187.025370 0.150920 0.976505 0.153821 7.372604 -0.870609 0.057589 0.488594 54.973458
0.480505 -0.208240 0.851910 187.139630 0.153338 0.976386 0.152179 7.381830 -0.863483 0.057507 0.501090 54.992952
0.491845 -0.208266 0.845408 187.423889 0.155329 0.976383 0.150164 7.457630 -0.856716 0.057459 0.512579 55.012392
0.500980 -0.211760 0.839152 187.547222 0.160392 0.975525 0.150419 7.472167 -0.850467 0.059236 0.522683 55.033722
0.509354 -0.212113 0.834007 187.630000 0.159301 0.975638 0.150844 7.463709 -0.845684 0.056025 0.530734 55.050624
0.518805 -0.209987 0.828702 187.725000 0.156195 0.976330 0.149610 7.455094 -0.840502 0.051820 0.539324 55.069416
0.529713 -0.203889 0.823307 187.770185 0.149920 0.977901 0.145716 7.450622 -0.834822 0.046243 0.548574 55.086966
0.538175 -0.198870 0.819035 187.819815 0.144009 0.979171 0.143126 7.452269 -0.830439 0.040922 0.555604 55.106352
0.542782 -0.199232 0.815901 187.860741 0.145574 0.979070 0.142231 7.458302 -0.827161 0.041574 0.560425 55.121094
0.547461 -0.203377 0.811741 187.905926 0.151723 0.978065 0.142722 7.472991 -0.822962 0.045025 0.566310 55.131462
0.553737 -0.206096 0.806784 187.988333 0.154442 0.977495 0.143704 7.507743 -0.818244 0.045027 0.573105 55.132326
0.554999 -0.221101 0.801929 188.060370 0.173598 0.973589 0.148285 7.426683 -0.813535 0.056915 0.578724 55.141398
0.560650 -0.220769 0.798081 188.131481 0.171043 0.973894 0.149246 7.417819 -0.810195 0.052832 0.583775 55.158948
0.566231 -0.219160 0.794576 188.167593 0.169784 0.974342 0.147751 7.407276 -0.806570 0.051245 0.588913 55.171314
